5 0.4895833333333333 0.883129123468426 0.013541666666666667 0.046182846371347785
5 0.4890625 0.7115928369462771 0.008333333333333333 0.036757775683317624
5 0.48984375 0.6149858623939679 0.011979166666666667 0.0471253534401508
5 0.4953125 0.5461828463713477 0.011458333333333333 0.060320452403393024
5 0.48854166666666665 0.5409990574929312 0.010416666666666666 0.046182846371347785
5 0.49947916666666664 0.4651272384542884 0.009895833333333333 0.0471253534401508
5 0.4901041666666667 0.43685202639019793 0.013541666666666667 0.0527803958529689
5 0.48854166666666665 0.4057492931196984 0.013541666666666667 0.049010367577756835
5 0.48828125 0.30207351555136663 0.0109375 0.043355325164938736
5 0.4934895833333333 0.32516493873704055 0.009895833333333333 0.036757775683317624
5 0.5 0.267200754005655 0.013020833333333334 0.05655042412818096
5 0.5002604166666667 0.28934967012252594 0.0171875 0.07257304429783223
5 0.49244791666666665 0.21866163996229973 0.008854166666666666 0.04806786050895382
5 0.4908854166666667 0.12488218661639962 0.0078125 0.04147031102733271
5 0.4934895833333333 0.08671065032987747 0.0109375 0.05560791705937795
5 0.5010416666666667 0.013666352497643733 0.009375 0.027332704995287466
5 0.49557291666666664 0.008011310084825637 0.0140625 0.016022620169651274