2 0.0796875 0.5108388312912346 0.07604166666666666 0.02639019792648445
2 0.221875 0.49198868991517436 0.052083333333333336 0.021677662582469368
2 0.39375 0.5014137606032045 0.06770833333333333 0.02827521206409048
8 0.22838541666666667 0.5014137606032045 0.027604166666666666 0.013195098963242224
5 0.46588541666666666 0.4924599434495759 0.0140625 0.015080113100848256
5 0.5213541666666667 0.49198868991517436 0.011458333333333333 0.012252591894439209
5 0.5518229166666667 0.49528746465598494 0.015104166666666667 0.00471253534401508
5 0.5778645833333333 0.4891611687087653 0.016145833333333335 0.016022620169651274
5 0.5770833333333333 0.499057492931197 0.019791666666666666 0.01413760603204524
5 0.6020833333333333 0.5023562676720076 0.016666666666666666 0.013195098963242224
5 0.6106770833333334 0.49528746465598494 0.015104166666666667 0.016022620169651274
5 0.6223958333333334 0.49104618284637136 0.016666666666666666 0.01413760603204524
5 0.65625 0.4891611687087653 0.014583333333333334 0.01413760603204524
5 0.6609375 0.5037700282752121 0.023958333333333335 0.019792648444863337
5 0.68203125 0.4948162111215834 0.016145833333333335 0.015080113100848256
5 0.71328125 0.4924599434495759 0.0140625 0.008482563619227144
5 0.7278645833333334 0.49670122525918947 0.018229166666666668 0.015080113100848256
5 0.75703125 0.49670122525918947 0.018229166666666668 0.011310084825636193
5 0.7518229166666667 0.5056550424128181 0.013020833333333334 0.008482563619227144
5 0.7822916666666667 0.4934024505183789 0.017708333333333333 0.010367577756833177
5 0.8143229166666667 0.5042412818096136 0.0203125 0.020735155513666354
5 0.8328125 0.49622997172478794 0.017708333333333333 0.010367577756833177
5 0.86796875 0.5 0.0171875 0.016022620169651274
5 0.8958333333333334 0.5065975494816211 0.01875 0.016022620169651274
5 0.9739583333333334 0.5047125353440151 0.020833333333333332 0.008482563619227144