2 0.5046875 0.022148916116870875 0.0125 0.04429783223374175
2 0.49921875 0.30772855796418475 0.015625 0.12252591894439209
8 0.49921875 0.016965127238454288 0.0078125 0.033930254476908575
5 0.5041666666666667 0.43826578699340246 0.008333333333333333 0.02544769085768143
5 0.5044270833333333 0.5386427898209236 0.0067708333333333336 0.020735155513666354
5 0.5026041666666666 0.5937794533459001 0.0026041666666666665 0.027332704995287466
5 0.5059895833333333 0.6409048067860509 0.008854166666666666 0.029217719132893498
5 0.5005208333333333 0.6394910461828464 0.0078125 0.03581526861451461
5 0.4986979166666667 0.6847313854853911 0.007291666666666667 0.030160226201696512
5 0.5026041666666666 0.700282752120641 0.008854166666666666 0.027332704995287466
5 0.5049479166666667 0.7214891611687088 0.0078125 0.030160226201696512
5 0.5059895833333333 0.7827521206409048 0.0078125 0.02639019792648445
5 0.4979166666666667 0.791234684260132 0.0109375 0.043355325164938736
5 0.5028645833333333 0.8294062205466541 0.008333333333333333 0.029217719132893498
5 0.5041666666666667 0.885956644674835 0.0046875 0.02544769085768143
5 0.5018229166666667 0.9123468426013195 0.008333333333333333 0.03298774740810556
5 0.5018229166666667 0.9651272384542884 0.00625 0.03298774740810556
5 0.496875 0.9557021677662583 0.0046875 0.0235626767200754