2 0.34036458333333336 0.49010367577756836 0.033854166666666664 0.021677662582469368
2 0.4283854166666667 0.5084825636192272 0.07552083333333333 0.027332704995287466
2 0.5666666666666667 0.48963242224316683 0.052083333333333336 0.024505183788878417
2 0.73984375 0.5009425070688031 0.0671875 0.030160226201696512
8 0.575 0.5009425070688031 0.027083333333333334 0.016022620169651274
5 0.8135416666666667 0.49293119698397736 0.014583333333333334 0.016022620169651274
5 0.8690104166666667 0.4934024505183789 0.013020833333333334 0.010367577756833177
5 0.8994791666666667 0.4934024505183789 0.016666666666666666 0.015080113100848256
5 0.9234375 0.49952874646559847 0.017708333333333333 0.011310084825636193
5 0.9252604166666667 0.49151743638077283 0.0171875 0.011310084825636193
5 0.9510416666666667 0.5047125353440151 0.015625 0.012252591894439209
5 0.959375 0.49528746465598494 0.015625 0.016022620169651274
5 0.9697916666666667 0.4934024505183789 0.016666666666666666 0.015080113100848256