5 0.03854166666666667 0.47266729500471255 0.04375 0.027332704995287466
5 0.13098958333333333 0.4688972667295005 0.0390625 0.021677662582469368
5 0.16666666666666666 0.48020735155513666 0.04895833333333333 0.02827521206409048
5 0.17526041666666667 0.49528746465598494 0.0390625 0.020735155513666354
5 0.253125 0.4830348727615457 0.04375 0.033930254476908575
5 0.23463541666666668 0.499057492931197 0.033854166666666664 0.02639019792648445
5 0.309375 0.4740810556079171 0.046875 0.02544769085768143
5 0.4088541666666667 0.49811498586239394 0.057291666666666664 0.04147031102733271
5 0.44895833333333335 0.47926484448633366 0.04375 0.02639019792648445
5 0.5450520833333333 0.4839773798303487 0.05364583333333333 0.03958529688972667
5 0.5830729166666667 0.47360980207351555 0.033854166666666664 0.029217719132893498
5 0.6171875 0.49858623939679547 0.057291666666666664 0.034872761545711596
5 0.8364583333333333 0.499057492931197 0.05520833333333333 0.03204524033930255
7 0.7395833333333334 0.5933081998114986 0.009375 0.015080113100848256