2 0.9203125 0.5108388312912346 0.07604166666666666 0.02639019792648445
2 0.778125 0.49198868991517436 0.052083333333333336 0.021677662582469368
2 0.60625 0.5014137606032045 0.06770833333333333 0.02827521206409048
8 0.7716145833333333 0.5014137606032045 0.027604166666666666 0.013195098963242224
5 0.5341145833333333 0.4924599434495759 0.0140625 0.015080113100848256
5 0.4786458333333333 0.49198868991517436 0.011458333333333333 0.012252591894439209
5 0.44817708333333334 0.49528746465598494 0.015104166666666667 0.00471253534401508
5 0.42213541666666665 0.4891611687087653 0.016145833333333335 0.016022620169651274
5 0.42291666666666666 0.499057492931197 0.019791666666666666 0.01413760603204524
5 0.39791666666666664 0.5023562676720076 0.016666666666666666 0.013195098963242224
5 0.3893229166666667 0.49528746465598494 0.015104166666666667 0.016022620169651274
5 0.3776041666666667 0.49104618284637136 0.016666666666666666 0.01413760603204524
5 0.34375 0.4891611687087653 0.014583333333333334 0.01413760603204524
5 0.3390625 0.5037700282752121 0.023958333333333335 0.019792648444863337
5 0.31796875 0.4948162111215834 0.016145833333333335 0.015080113100848256
5 0.28671875 0.4924599434495759 0.0140625 0.008482563619227144
5 0.2721354166666667 0.49670122525918947 0.018229166666666668 0.015080113100848256
5 0.24296875 0.49670122525918947 0.018229166666666668 0.011310084825636193
5 0.24817708333333333 0.5056550424128181 0.013020833333333334 0.008482563619227144
5 0.21770833333333334 0.4934024505183789 0.017708333333333333 0.010367577756833177
5 0.18567708333333333 0.5042412818096136 0.0203125 0.020735155513666354
5 0.1671875 0.49622997172478794 0.017708333333333333 0.010367577756833177
5 0.13203125 0.5 0.0171875 0.016022620169651274
5 0.10416666666666667 0.5065975494816211 0.01875 0.016022620169651274
5 0.026041666666666668 0.5047125353440151 0.020833333333333332 0.008482563619227144