5 0.06770833333333333 0.5075400565504241 0.023958333333333335 0.016022620169651274
5 0.2838541666666667 0.5108388312912346 0.023958333333333335 0.01885014137606032
5 0.31744791666666666 0.5150801131008482 0.028645833333333332 0.019792648444863337
5 0.37109375 0.5065975494816211 0.0234375 0.01413760603204524
5 0.4393229166666667 0.5075400565504241 0.021354166666666667 0.01413760603204524
5 0.4828125 0.5061262959472196 0.017708333333333333 0.013195098963242224
5 0.6020833333333333 0.5103675777568332 0.022916666666666665 0.016022620169651274
5 0.8065104166666667 0.53440150801131 0.013020833333333334 0.010367577756833177
5 0.8088541666666667 0.5188501413760603 0.013541666666666667 0.00942507068803016
5 0.94765625 0.5282752120640904 0.011979166666666667 0.00942507068803016
5 0.5026041666666666 0.5084825636192272 0.021875 0.019792648444863337