5 0.8627604166666667 0.4816211121583412 0.022395833333333334 0.017907634307257305
5 0.71171875 0.48114985862393966 0.025520833333333333 0.024505183788878417
5 0.6169270833333333 0.48020735155513666 0.0203125 0.015080113100848256
5 0.5635416666666667 0.4816211121583412 0.026041666666666668 0.021677662582469368
5 0.5255208333333333 0.49151743638077283 0.03333333333333333 0.020735155513666354
5 0.52265625 0.47926484448633366 0.025520833333333333 0.01885014137606032
5 0.48072916666666665 0.499057492931197 0.026041666666666668 0.017907634307257305
5 0.46510416666666665 0.4820923656927427 0.029166666666666667 0.024505183788878417
5 0.4479166666666667 0.47926484448633366 0.027083333333333334 0.024505183788878417
5 0.390625 0.47879359095193214 0.023958333333333335 0.019792648444863337
5 0.40338541666666666 0.4882186616399623 0.0203125 0.017907634307257305
5 0.37135416666666665 0.5 0.03125 0.0235626767200754
5 0.38359375 0.5004712535344015 0.04010416666666667 0.03110273327049953
5 0.34453125 0.48633364750235625 0.0265625 0.016022620169651274
5 0.29270833333333335 0.48350612629594725 0.022916666666666665 0.01413760603204524
5 0.2716145833333333 0.4882186616399623 0.030729166666666665 0.019792648444863337
5 0.22786458333333334 0.501885014137606 0.021354166666666667 0.016022620169651274
5 0.17994791666666668 0.4849198868991517 0.03177083333333333 0.016965127238454288
5 0.21796875 0.49151743638077283 0.028645833333333332 0.024505183788878417
5 0.11927083333333334 0.501885014137606 0.03854166666666667 0.02544769085768143
5 0.08802083333333334 0.4882186616399623 0.029166666666666667 0.0235626767200754
5 0.028125 0.4934024505183789 0.03125 0.022620169651272386
2 0.8333333333333334 0.499057492931197 0.11979166666666667 0.03581526861451461