5 0.16432291666666668 0.4321394910461828 0.0578125 0.043355325164938736
5 0.3151041666666667 0.43732327992459946 0.06979166666666667 0.051837888784165884
5 0.5518229166666667 0.48114985862393966 0.0765625 0.05937794533459001
5 0.5986979166666667 0.439679547596607 0.08177083333333333 0.060320452403393024
5 0.6427083333333333 0.4330819981149859 0.08020833333333334 0.0527803958529689
5 0.43463541666666666 0.42742695570216777 0.06927083333333334 0.051837888784165884
5 0.4296875 0.4622997172478794 0.09375 0.06597549481621112
5 0.9359375 0.4472196041470311 0.07708333333333334 0.04147031102733271
5 0.8049479166666667 0.42648444863336477 0.06302083333333333 0.04429783223374175
5 0.8614583333333333 0.4868049010367578 0.08020833333333334 0.057492931196983975
5 0.8309895833333333 0.49670122525918947 0.1140625 0.06880301602262016
5 0.76953125 0.4528746465598492 0.04739583333333333 0.049010367577756835
5 0.8033854166666666 0.4632422243166824 0.07239583333333334 0.051837888784165884