5 0.69296875 0.5259259259259259 0.027604166666666666 0.03333333333333333
5 0.66875 0.5287037037037037 0.025 0.03518518518518519
5 0.6171875 0.5319444444444444 0.009375 0.012037037037037037
5 0.55546875 0.5287037037037037 0.0234375 0.02962962962962963
5 0.4973958333333333 0.5287037037037037 0.026041666666666668 0.037037037037037035
5 0.44375 0.5333333333333333 0.023958333333333335 0.03518518518518519
5 0.3880208333333333 0.5300925925925926 0.009375 0.025
5 0.36223958333333334 0.5310185185185186 0.009895833333333333 0.028703703703703703
5 0.2830729166666667 0.5365740740740741 0.019270833333333334 0.03981481481481482
5 0.19635416666666666 0.5324074074074074 0.015625 0.03148148148148148
5 0.18307291666666667 0.5351851851851852 0.013020833333333334 0.025925925925925925
5 0.07786458333333333 0.5356481481481481 0.030729166666666665 0.03425925925925926
5 0.040364583333333336 0.5402777777777777 0.0390625 0.03796296296296296
5 0.146875 0.5638888888888889 0.022916666666666665 0.053703703703703705
2 0.265625 0.5310185185185186 0.022916666666666665 0.023148148148148147