5 0.26927083333333335 0.5902777777777778 0.06041666666666667 0.04351851851851852
5 0.5182291666666666 0.5337962962962963 0.014583333333333334 0.013888888888888888
5 0.5283854166666667 0.5310185185185186 0.018229166666666668 0.01574074074074074
5 0.6546875 0.5287037037037037 0.016666666666666666 0.016666666666666666
5 0.64375 0.5268518518518519 0.014583333333333334 0.012962962962962963
5 0.7182291666666667 0.5305555555555556 0.011458333333333333 0.018518518518518517
5 0.72890625 0.5282407407407408 0.0109375 0.01574074074074074
5 0.74375 0.524074074074074 0.009375 0.011111111111111112
5 0.73828125 0.5351851851851852 0.015104166666666667 0.018518518518518517
5 0.8565104166666667 0.5328703703703703 0.011979166666666667 0.021296296296296296
5 0.8083333333333333 0.5310185185185186 0.011458333333333333 0.017592592592592594
5 0.8166666666666667 0.5287037037037037 0.00625 0.016666666666666666
7 0.9171875 0.5550925925925926 0.022916666666666665 0.013888888888888888
7 0.9658854166666667 0.7662037037037037 0.03697916666666667 0.028703703703703703
5 0.6161458333333333 0.5319444444444444 0.015625 0.017592592592592594