5 0.7307292 0.5902778 0.06041666 0.04351852
5 0.4817708 0.5337963 0.01458333 0.01388889
5 0.4716146 0.5310185 0.01822917 0.01574074
5 0.3453125 0.5287037 0.01666667 0.01666667
5 0.35625 0.5268518 0.01458333 0.01296296
5 0.2817708 0.5305555 0.01145833 0.01851852
5 0.2710938 0.5282407 0.0109375 0.01574074
5 0.25625 0.5240741 0.009375 0.01111111
5 0.2617188 0.5351852 0.01510417 0.01851852
5 0.1434896 0.5328704 0.01197917 0.0212963
5 0.1916667 0.5310185 0.01145833 0.01759259
5 0.1833333 0.5287037 0.00625 0.01666667
7 0.0828125 0.5550926 0.02291667 0.01388889
7 0.03411458 0.7662037 0.03697916 0.0287037
5 0.3838542 0.5319445 0.015625 0.01759259

