5 0.6929687 0.5259259 0.02760417 0.03333334
5 0.66875 0.5287037 0.025 0.03518518
5 0.6171875 0.5319445 0.009375 0.01203704
5 0.5554687 0.5287037 0.0234375 0.02962963
5 0.4973958 0.5287037 0.02604167 0.03703704
5 0.44375 0.5333334 0.02395833 0.03518518
5 0.3880208 0.5300926 0.009375 0.025
5 0.3622396 0.5310185 0.009895833 0.0287037
5 0.2830729 0.5365741 0.01927083 0.03981481
5 0.1963542 0.5324074 0.015625 0.03148148
5 0.1830729 0.5351852 0.01302083 0.02592593
5 0.07786458 0.5356482 0.03072917 0.03425926
5 0.04036458 0.5402778 0.0390625 0.03796296
5 0.146875 0.5638889 0.02291667 0.0537037
2 0.265625 0.5310185 0.02291667 0.02314815
