7 0.7046875 0.7742695570216777 0.010416666666666666 0.010367577756833177
5 0.8447916666666667 0.6861451460885957 0.017708333333333333 0.0235626767200754
5 0.5822916666666667 0.6894439208294062 0.013541666666666667 0.02639019792648445
5 0.5393229166666667 0.6955702167766258 0.025520833333333333 0.03110273327049953
5 0.37447916666666664 0.702167766258247 0.025 0.027332704995287466
5 0.3299479166666667 0.7120640904806786 0.022395833333333334 0.04524033930254477
5 0.29609375 0.6870876531573987 0.0203125 0.03770028275212064
5 0.11588541666666667 0.6918001885014138 0.028645833333333332 0.03770028275212064
5 0.07526041666666666 0.7290292177191329 0.033854166666666664 0.036757775683317624
5 0.06692708333333333 0.7115928369462771 0.0203125 0.046182846371347785
5 0.15833333333333333 0.704995287464656 0.04479166666666667 0.03298774740810556