5 0.9630208333333333 0.5447690857681433 0.03125 0.019792648444863337
5 0.8666666666666667 0.5447690857681433 0.03229166666666667 0.04052780395852969
5 0.8252604166666667 0.5391140433553252 0.024479166666666666 0.034872761545711596
5 0.7552083333333334 0.5348727615457116 0.023958333333333335 0.02827521206409048
5 0.7049479166666667 0.5395852968897267 0.019270833333333334 0.03958529688972667
5 0.7231770833333333 0.5518378887841658 0.0359375 0.0471253534401508
5 0.6619791666666667 0.5367577756833176 0.0125 0.02639019792648445
5 0.5002604166666667 0.5381715362865221 0.018229166666666668 0.027332704995287466
5 0.47161458333333334 0.5329877474081055 0.013020833333333334 0.022620169651272386
5 0.45286458333333335 0.53440150801131 0.009895833333333333 0.019792648444863337
5 0.4393229166666667 0.532516493873704 0.0234375 0.016022620169651274
5 0.3692708333333333 0.5433553251649388 0.010416666666666666 0.01885014137606032
5 0.3138020833333333 0.5249764373232799 0.013020833333333334 0.030160226201696512
5 0.27395833333333336 0.5282752120640904 0.022916666666666665 0.03298774740810556
5 0.23671875 0.5254476908576814 0.018229166666666668 0.03110273327049953
5 0.10885416666666667 0.5202639019792649 0.03333333333333333 0.03204524033930255
5 0.10234375 0.5428840716305372 0.0421875 0.04241281809613572