5 0.5192708333333333 0.9618284637134779 0.015625 0.043355325164938736
5 0.521875 0.8708765315739868 0.021875 0.034872761545711596
5 0.5286458333333334 0.9038642789820923 0.026041666666666668 0.06503298774740811
5 0.5203125 0.793119698397738 0.014583333333333334 0.022620169651272386
5 0.52109375 0.5004712535344015 0.015104166666666667 0.03298774740810556
5 0.5182291666666666 0.44863336475023563 0.0125 0.0235626767200754
5 0.5190104166666667 0.41470311027332707 0.0109375 0.017907634307257305
5 0.51796875 0.3901979264844486 0.008854166666666666 0.04241281809613572
5 0.5239583333333333 0.26343072573044296 0.010416666666666666 0.01885014137606032
5 0.5138020833333333 0.16305372290292178 0.016666666666666666 0.0235626767200754
5 0.515625 0.09095193213949104 0.018229166666666668 0.04147031102733271
5 0.5140625 0.0235626767200754 0.0171875 0.03298774740810556