5 0.53203125 0.9208294062205467 0.013541666666666667 0.03298774740810556
5 0.5322916666666667 0.8953817153628653 0.0109375 0.021677662582469368
5 0.53125 0.704052780395853 0.025 0.057492931196983975
5 0.5291666666666667 0.6479736098020735 0.019791666666666666 0.033930254476908575
5 0.5278645833333333 0.5273327049952875 0.016145833333333335 0.022620169651272386
5 0.5377604166666666 0.5174363807728558 0.026041666666666668 0.10273327049952875
5 0.5307291666666667 0.4547596606974552 0.027083333333333334 0.06597549481621112
5 0.5315104166666667 0.3426013195098963 0.016666666666666666 0.02639019792648445
5 0.528125 0.295004712535344 0.015625 0.021677662582469368
5 0.5278645833333333 0.22714420358152687 0.011458333333333333 0.016022620169651274
5 0.53125 0.03440150801131008 0.016145833333333335 0.03204524033930255