5 0.8408854166666667 0.5400565504241281 0.049479166666666664 0.051837888784165884
5 0.7861979166666667 0.592836946277097 0.058854166666666666 0.05655042412818096
5 0.7809895833333333 0.5655042412818096 0.0296875 0.06880301602262016
5 0.6901041666666666 0.5315739868049011 0.022916666666666665 0.0471253534401508
5 0.49895833333333334 0.556550424128181 0.016666666666666666 0.03298774740810556
5 0.45286458333333335 0.5405278039585297 0.021354166666666667 0.04524033930254477
5 0.9231770833333334 0.5579641847313855 0.049479166666666664 0.05372290292177191
5 0.9033854166666667 0.558435438265787 0.04739583333333333 0.058435438265786996
5 0.28203125 0.5711592836946278 0.0203125 0.0527803958529689
5 0.2609375 0.6046182846371347 0.03125 0.043355325164938736
5 0.2390625 0.5485391140433553 0.03854166666666667 0.03110273327049953
5 0.17916666666666667 0.5650329877474081 0.026041666666666668 0.034872761545711596
5 0.12057291666666667 0.5546654099905749 0.049479166666666664 0.043355325164938736
7 0.12239583333333333 0.6677662582469368 0.013541666666666667 0.01413760603204524