5 0.9307291666666667 0.5786993402450519 0.0875 0.058435438265786996
5 0.853125 0.5650329877474081 0.06145833333333333 0.036757775683317624
5 0.890625 0.5315739868049011 0.041666666666666664 0.034872761545711596
5 0.9236979166666667 0.5424128180961357 0.03697916666666667 0.02639019792648445
5 0.7674479166666667 0.553722902921772 0.05677083333333333 0.03770028275212064
5 0.740625 0.5819981149858624 0.057291666666666664 0.02827521206409048
5 0.6580729166666667 0.5424128180961357 0.059895833333333336 0.030160226201696512
5 0.5411458333333333 0.562205466540999 0.07395833333333333 0.05089538171536286
5 0.49114583333333334 0.5508953817153629 0.05625 0.03581526861451461
5 0.7026041666666667 0.5372290292177191 0.03229166666666667 0.017907634307257305
5 0.39036458333333335 0.5815268614514609 0.0765625 0.043355325164938736
5 0.3953125 0.55937794533459 0.06770833333333333 0.03298774740810556
5 0.42682291666666666 0.5471253534401508 0.059895833333333336 0.033930254476908575
5 0.4114583333333333 0.5358152686145146 0.03958333333333333 0.01885014137606032
5 0.25755208333333335 0.5353440150801131 0.0390625 0.02544769085768143
5 0.13515625 0.5617342130065975 0.07239583333333334 0.03958529688972667
5 0.05703125 0.5702167766258247 0.07552083333333333 0.0471253534401508
8 0.17786458333333333 0.5466540999057493 0.0515625 0.02544769085768143