5 0.4744791666666667 0.012723845428840716 0.01875 0.02544769085768143
5 0.4630208333333333 0.2290292177191329 0.03333333333333333 0.0706880301602262
5 0.47421875 0.27992459943449577 0.011979166666666667 0.034872761545711596
5 0.46380208333333334 0.47266729500471255 0.020833333333333332 0.0640904806786051
5 0.47369791666666666 0.4764373232799246 0.025520833333333333 0.07917059377945335
5 0.47890625 0.5381715362865221 0.013020833333333334 0.03110273327049953
5 0.48203125 0.6041470311027333 0.0140625 0.051837888784165884
5 0.4515625 0.6032045240339302 0.030729166666666665 0.1291234684260132
5 0.47760416666666666 0.8133836003770029 0.0125 0.04429783223374175
5 0.4661458333333333 0.8694627709707823 0.0234375 0.060320452403393024
5 0.4703125 0.9901036757775683 0.015625 0.017907634307257305
5 0.47369791666666666 0.9754948162111216 0.015104166666666667 0.027332704995287466