5 0.9700520833333334 0.5617342130065975 0.0421875 0.02639019792648445
5 0.7346354166666667 0.553722902921772 0.04635416666666667 0.03204524033930255
5 0.62265625 0.5551366635249765 0.06197916666666667 0.04241281809613572
5 0.54921875 0.557492931196984 0.0140625 0.008482563619227144
5 0.3703125 0.5513666352497644 0.078125 0.046182846371347785
5 0.25104166666666666 0.5414703110273327 0.034375 0.02639019792648445
5 0.9265625 0.5655042412818096 0.06458333333333334 0.03770028275212064
5 0.8627604166666667 0.557492931196984 0.06822916666666666 0.04147031102733271
5 0.0921875 0.5391140433553252 0.07604166666666666 0.051837888784165884
2 0.8190104166666666 0.555607917059378 0.015104166666666667 0.02544769085768143
5 0.33177083333333335 0.5490103675777568 0.035416666666666666 0.03770028275212064