5 0.4705729166666667 0.96559849198869 0.021354166666666667 0.06691800188501414
5 0.4546875 0.9354382657869934 0.015625 0.10367577756833177
5 0.4765625 0.7860508953817154 0.016666666666666666 0.10838831291234684
5 0.465625 0.5744580584354383 0.028125 0.13383600377002827
5 0.471875 0.4839773798303487 0.019791666666666666 0.10179076343072573
5 0.47942708333333334 0.8666352497643732 0.009895833333333333 0.058435438265786996
5 0.4549479166666667 0.3016022620169651 0.023958333333333335 0.13854853911404336
5 0.4671875 0.3105560791705938 0.018229166666666668 0.12252591894439209
5 0.4739583333333333 0.36757775683317623 0.01875 0.10838831291234684
5 0.48020833333333335 0.33977379830348725 0.010416666666666666 0.07163053722902922
5 0.48046875 0.061262959472196045 0.0140625 0.0706880301602262