5 0.4744791666666667 0.9868049010367578 0.01875 0.024505183788878417
5 0.4630208333333333 0.7709707822808671 0.03333333333333333 0.0706880301602262
5 0.47421875 0.7200754005655042 0.011979166666666667 0.034872761545711596
5 0.46380208333333334 0.5273327049952875 0.020833333333333332 0.0640904806786051
5 0.47369791666666666 0.5235626767200754 0.025520833333333333 0.07917059377945335
5 0.47890625 0.46182846371347785 0.013020833333333334 0.03110273327049953
5 0.48203125 0.39585296889726673 0.0140625 0.051837888784165884
5 0.4515625 0.39679547596606973 0.030729166666666665 0.1291234684260132
5 0.47760416666666666 0.18661639962299717 0.0125 0.04429783223374175
5 0.4661458333333333 0.13053722902921772 0.0234375 0.060320452403393024
5 0.4703125 0.00942507068803016 0.015625 0.01885014137606032
5 0.47369791666666666 0.024505183788878417 0.015104166666666667 0.027332704995287466