5 0.5299479166666666 0.033930254476908575 0.021354166666666667 0.06786050895381715
5 0.5453125 0.0645617342130066 0.015625 0.10367577756833177
5 0.5234375 0.21394910461828465 0.016666666666666666 0.10838831291234684
5 0.534375 0.4255419415645617 0.028125 0.13383600377002827
5 0.528125 0.5160226201696513 0.019791666666666666 0.10179076343072573
5 0.5205729166666667 0.13336475023562677 0.009895833333333333 0.058435438265786996
5 0.5450520833333333 0.6983977379830348 0.023958333333333335 0.13854853911404336
5 0.5328125 0.6894439208294062 0.018229166666666668 0.12252591894439209
5 0.5260416666666666 0.6324222431668237 0.01875 0.10838831291234684
5 0.5197916666666667 0.6602262016965127 0.010416666666666666 0.07163053722902922
5 0.51953125 0.9387370405278039 0.0140625 0.0706880301602262