5 0.8721354166666667 0.5414703110273327 0.028645833333333332 0.02639019792648445
5 0.8802083333333334 0.562205466540999 0.0375 0.03864278982092366
5 0.8627604166666667 0.5937794533459001 0.03697916666666667 0.03110273327049953
5 0.8205729166666667 0.5560791705937794 0.0296875 0.030160226201696512
5 0.7786458333333334 0.5466540999057493 0.03229166666666667 0.03298774740810556
5 0.6497395833333334 0.5669180018850142 0.0390625 0.060320452403393024
5 0.6216145833333333 0.5466540999057493 0.019270833333333334 0.021677662582469368
5 0.5151041666666667 0.5655042412818096 0.035416666666666666 0.03770028275212064
5 0.5130208333333334 0.5475966069745523 0.04375 0.046182846371347785
5 0.47890625 0.5381715362865221 0.0171875 0.0235626767200754
5 0.44244791666666666 0.532516493873704 0.028645833333333332 0.02544769085768143
5 0.44296875 0.5876531573986805 0.07135416666666666 0.05560791705937795
5 0.3268229166666667 0.5405278039585297 0.024479166666666666 0.022620169651272386
5 0.29583333333333334 0.5612629594721961 0.03333333333333333 0.04241281809613572
5 0.17734375 0.5683317624882187 0.058854166666666666 0.05089538171536286
5 0.07239583333333334 0.5772855796418473 0.07916666666666666 0.05937794533459001
5 0.22786458333333334 0.553722902921772 0.011979166666666667 0.027332704995287466
5 0.23723958333333334 0.5475966069745523 0.015104166666666667 0.027332704995287466
5 0.15286458333333333 0.5174363807728558 0.0296875 0.05089538171536286