5 0.7645833333333333 0.5155513666352498 0.017708333333333333 0.015080113100848256
5 0.6307291666666667 0.5164938737040528 0.022916666666666665 0.015080113100848256
5 0.5700520833333333 0.5230914231856739 0.03177083333333333 0.022620169651272386
5 0.48932291666666666 0.5155513666352498 0.0265625 0.020735155513666354
5 0.4869791666666667 0.5282752120640904 0.03333333333333333 0.022620169651272386
5 0.42890625 0.5235626767200754 0.024479166666666666 0.020735155513666354
5 0.42135416666666664 0.5197926484448633 0.022916666666666665 0.019792648444863337
5 0.4002604166666667 0.5160226201696513 0.027604166666666666 0.0235626767200754
5 0.38567708333333334 0.5362865221489161 0.03802083333333333 0.021677662582469368
5 0.3567708333333333 0.528746465598492 0.03333333333333333 0.027332704995287466
5 0.340625 0.5141376060320453 0.022916666666666665 0.017907634307257305
5 0.30390625 0.5263901979264844 0.0265625 0.01885014137606032
5 0.27838541666666666 0.5400565504241281 0.04114583333333333 0.029217719132893498
5 0.2708333333333333 0.5235626767200754 0.0125 0.015080113100848256
5 0.2390625 0.5329877474081055 0.03333333333333333 0.022620169651272386
5 0.25286458333333334 0.5179076343072573 0.021354166666666667 0.019792648444863337
5 0.1953125 0.527803958529689 0.028125 0.019792648444863337
5 0.08489583333333334 0.5348727615457116 0.036458333333333336 0.024505183788878417
5 0.14348958333333334 0.5235626767200754 0.0296875 0.016965127238454288
5 0.059375 0.527803958529689 0.029166666666666667 0.0235626767200754
5 0.03411458333333333 0.525918944392083 0.016145833333333335 0.017907634307257305
5 0.11484375 0.5961357210179077 0.16927083333333334 0.12441093308199812