5 0.9372395833333333 0.5560791705937794 0.0328125 0.030160226201696512
5 0.9057291666666667 0.562205466540999 0.017708333333333333 0.01413760603204524
5 0.86875 0.557492931196984 0.03854166666666667 0.03770028275212064
5 0.8109375 0.5607917059377945 0.034375 0.03581526861451461
5 0.7325520833333333 0.5579641847313855 0.018229166666666668 0.024505183788878417
5 0.7184895833333333 0.558435438265787 0.011979166666666667 0.019792648444863337
5 0.6127604166666667 0.556550424128181 0.03177083333333333 0.04524033930254477
5 0.5817708333333333 0.5527803958529689 0.01875 0.03581526861451461
5 0.5151041666666667 0.5504241281809613 0.0125 0.029217719132893498
5 0.5096354166666667 0.5683317624882187 0.05677083333333333 0.0471253534401508
5 0.475 0.555607917059378 0.036458333333333336 0.049010367577756835
5 0.41302083333333334 0.5570216776625825 0.014583333333333334 0.030160226201696512
5 0.38671875 0.5508953817153629 0.011979166666666667 0.02827521206409048
5 0.34921875 0.5504241281809613 0.008854166666666666 0.020735155513666354
5 0.24270833333333333 0.556550424128181 0.017708333333333333 0.029217719132893498
5 0.21119791666666668 0.5504241281809613 0.011979166666666667 0.0235626767200754
5 0.19114583333333332 0.5532516493873704 0.0125 0.020735155513666354
5 0.019010416666666665 0.5452403393025448 0.013020833333333334 0.015080113100848256
5 0.04192708333333333 0.5617342130065975 0.0140625 0.022620169651272386
5 0.04635416666666667 0.5447690857681433 0.019791666666666666 0.029217719132893498