5 0.49140625 0.02120640904806786 0.008333333333333333 0.03204524033930255
5 0.4908854166666667 0.26343072573044296 0.008333333333333333 0.04147031102733271
5 0.48723958333333334 0.37323279924599434 0.0125 0.057492931196983975
5 0.49140625 0.5193213949104618 0.011458333333333333 0.04806786050895382
5 0.484375 0.5235626767200754 0.0125 0.060320452403393024
5 0.4869791666666667 0.6286522148916117 0.011458333333333333 0.04429783223374175
5 0.4890625 0.6423185673892554 0.0109375 0.04147031102733271
5 0.49114583333333334 0.6804901036757776 0.013020833333333334 0.04995287464655985
5 0.47994791666666664 0.706880301602262 0.011979166666666667 0.06880301602262016
5 0.48411458333333335 0.7591894439208294 0.015104166666666667 0.060320452403393024
5 0.4921875 0.7884071630537229 0.009895833333333333 0.04147031102733271
5 0.48541666666666666 0.8548539114043355 0.010416666666666666 0.04806786050895382
5 0.4778645833333333 0.9010367577756834 0.016145833333333335 0.07445805843543826
5 0.4869791666666667 0.9147031102733271 0.008333333333333333 0.022620169651272386
5 0.48203125 0.970311027332705 0.013020833333333334 0.057492931196983975
5 0.4901041666666667 0.9472196041470311 0.0109375 0.03864278982092366