7 0.271875 0.5994344957587182 0.014583333333333334 0.011310084825636193
5 0.2359375 0.5801131008482564 0.023958333333333335 0.036757775683317624
5 0.39401041666666664 0.55937794533459 0.034895833333333334 0.03864278982092366
5 0.36875 0.5829406220546655 0.05416666666666667 0.061262959472196045
5 0.5643229166666667 0.5664467483506126 0.0171875 0.03958529688972667
5 0.6151041666666667 0.5607917059377945 0.027083333333333334 0.03581526861451461
5 0.64140625 0.5640904806786051 0.0140625 0.017907634307257305
5 0.67109375 0.5852968897266729 0.021354166666666667 0.027332704995287466
5 0.6776041666666667 0.5589066918001885 0.022916666666666665 0.04241281809613572
5 0.8627604166666667 0.5749293119698398 0.018229166666666668 0.02827521206409048
5 0.8872395833333333 0.5692742695570217 0.015104166666666667 0.02827521206409048
5 0.93203125 0.5749293119698398 0.03177083333333333 0.043355325164938736