5 0.50859375 0.9787935909519322 0.008333333333333333 0.03204524033930255
5 0.5091145833333334 0.736569274269557 0.008333333333333333 0.04147031102733271
5 0.5127604166666667 0.6267672007540056 0.0125 0.057492931196983975
5 0.50859375 0.4806786050895382 0.011458333333333333 0.04806786050895382
5 0.515625 0.4764373232799246 0.0125 0.060320452403393024
5 0.5130208333333334 0.37134778510838834 0.011458333333333333 0.04429783223374175
5 0.5109375 0.3576814326107446 0.0109375 0.04147031102733271
5 0.5088541666666667 0.31950989632422244 0.013020833333333334 0.04995287464655985
5 0.5200520833333333 0.293119698397738 0.011979166666666667 0.06880301602262016
5 0.5158854166666667 0.2408105560791706 0.015104166666666667 0.060320452403393024
5 0.5078125 0.2115928369462771 0.009895833333333333 0.04147031102733271
5 0.5145833333333333 0.14514608859566447 0.010416666666666666 0.04806786050895382
5 0.5221354166666666 0.09896324222431668 0.016145833333333335 0.07445805843543826
5 0.5130208333333334 0.08529688972667294 0.008333333333333333 0.022620169651272386
5 0.5184895833333333 0.029217719132893498 0.013020833333333334 0.058435438265786996
5 0.5098958333333333 0.0527803958529689 0.0109375 0.03864278982092366