2 0.3328125 0.5989632422243166 0.15625 0.05655042412818096
7 0.43046875 0.6267672007540056 0.0109375 0.008482563619227144
7 0.2830729166666667 0.6371347785108389 0.013020833333333334 0.008482563619227144
5 0.6002604166666666 0.5419415645617343 0.0171875 0.019792648444863337
5 0.7380208333333333 0.5386427898209236 0.015625 0.01885014137606032
5 0.88359375 0.5400565504241281 0.015104166666666667 0.01413760603204524
5 0.6828125 0.525918944392083 0.019791666666666666 0.0235626767200754
5 0.8421875 0.5301602262016966 0.029166666666666667 0.02827521206409048
5 0.9697916666666667 0.528746465598492 0.025 0.029217719132893498
5 0.7916666666666666 0.529688972667295 0.023958333333333335 0.02544769085768143
5 0.7908854166666667 0.5212064090480678 0.0234375 0.024505183788878417
5 0.86796875 0.5188501413760603 0.0171875 0.016022620169651274
5 0.8942708333333333 0.5160226201696513 0.013541666666666667 0.016022620169651274
5 0.9130208333333333 0.5292177191328935 0.01875 0.01885014137606032
5 0.9278645833333333 0.5188501413760603 0.019270833333333334 0.021677662582469368
5 0.6294270833333333 0.5249764373232799 0.019270833333333334 0.021677662582469368