5 0.3213542 0.5524118 0.05208333 0.04052781
5 0.4585938 0.5535231 0.0328125 0.02356268
5 0.4846354 0.5533711 0.05885417 0.04052781
5 0.6197917 0.5467736 0.028125 0.0273327
5 0.6476563 0.5516549 0.02135417 0.01790763
5 0.6888021 0.5481536 0.0328125 0.03393025
5 0.7453125 0.5505605 0.02708333 0.03298775
5 0.8242188 0.5462855 0.0171875 0.02827521
5 0.8356771 0.5449054 0.009895833 0.02167766
5 0.9419271 0.5466385 0.03385417 0.04241282
5 0.9653646 0.5438279 0.01927083 0.03487276
5 0.9770833 0.5395191 0.01354167 0.03393025
