5 0.06927083 0.5786345 0.0875 0.05843544
5 0.146875 0.5649175 0.06145833 0.03675777
5 0.109375 0.5313559 0.04166667 0.03487276
5 0.07630208 0.5424648 0.03697916 0.0263902
5 0.2325521 0.5538762 0.05677084 0.03770028
5 0.259375 0.5817827 0.05729167 0.02827521
5 0.3419271 0.5424311 0.05989583 0.03016023
5 0.4588542 0.5623925 0.07395833 0.05089538
5 0.5088542 0.5510148 0.05625 0.03581527
5 0.2973958 0.5372641 0.03229167 0.01790763
5 0.6096354 0.5816477 0.0765625 0.04335532
5 0.6046875 0.559195 0.06770834 0.03298775
5 0.5731771 0.5471942 0.05989583 0.03393025
5 0.5885417 0.5358166 0.03958333 0.01885014
5 0.7424479 0.5352778 0.0390625 0.02544769
5 0.8648437 0.5615343 0.07239583 0.0395853
5 0.9429687 0.5701013 0.07552084 0.04712535
8 0.8221354 0.5467904 0.0515625 0.02544769

