7 0.728125 0.5992035 0.01458333 0.01131008
5 0.7640625 0.5802677 0.02395833 0.03675777
5 0.6059896 0.5591443 0.03489583 0.03864279
5 0.63125 0.5829264 0.05416667 0.06126296
5 0.4356771 0.5663313 0.0171875 0.0395853
5 0.3848958 0.5606087 0.02708333 0.03581527
5 0.3585938 0.5641269 0.0140625 0.01790763
5 0.3289062 0.585149 0.02135417 0.0273327
5 0.3223958 0.5591106 0.02291667 0.04241282
5 0.1372396 0.575067 0.01822917 0.02827521
5 0.1127604 0.5693107 0.01510417 0.02827521
5 0.06796875 0.574932 0.03177083 0.04335532
