5 0.2354167 0.5157033 0.01770833 0.01508011
5 0.3692708 0.5166627 0.02291667 0.01508011
5 0.4299479 0.5233108 0.03177083 0.02262017
5 0.5106771 0.5156526 0.0265625 0.02073516
5 0.5130208 0.5281078 0.03333334 0.02262017
5 0.5710937 0.5233278 0.02447917 0.02073516
5 0.5786458 0.5199783 0.02291667 0.01979265
5 0.5997396 0.516107 0.02760417 0.02356268
5 0.6143229 0.536271 0.03802083 0.02167766
5 0.6432292 0.5285453 0.03333334 0.0273327
5 0.659375 0.5142388 0.02291667 0.01790763
5 0.6960937 0.5262228 0.0265625 0.01885014
5 0.7216146 0.540041 0.04114584 0.02921772
5 0.7291667 0.5233784 0.0125 0.01508011
5 0.7609375 0.5329047 0.03333334 0.02262017
5 0.7471354 0.5180596 0.02135417 0.01979265
5 0.8046875 0.5276534 0.028125 0.01979265
5 0.9151042 0.5348066 0.03645833 0.02450518
5 0.8565104 0.5233614 0.0296875 0.01696513
5 0.940625 0.5276197 0.02916667 0.02356268
5 0.9658854 0.5257515 0.01614583 0.01790763
5 0.8851563 0.5962721 0.1692708 0.1244109
