2 0.6671875 0.5987985 0.15625 0.05655042
7 0.5695313 0.6265713 0.0109375 0.008482563
7 0.7169271 0.6371245 0.01302083 0.008482563
5 0.3997396 0.5420442 0.0171875 0.01979265
5 0.2619792 0.5386947 0.015625 0.01885014
5 0.1164062 0.540176 0.01510417 0.01413761
5 0.3171875 0.5257009 0.01979167 0.02356268
5 0.1578125 0.5299759 0.02916667 0.02827521
5 0.03020833 0.5285284 0.025 0.02921772
5 0.2083333 0.5295215 0.02395833 0.02544769
5 0.2091146 0.5213752 0.0234375 0.02450518
5 0.1320312 0.5190527 0.0171875 0.01602262
5 0.1057292 0.5161746 0.01354167 0.01602262
5 0.08697917 0.5291009 0.01875 0.01885014
5 0.07213542 0.5190021 0.01927083 0.02167766
5 0.3705729 0.5247583 0.01927083 0.02167766
