5 0.03697916 0.5449224 0.03125 0.01979265
5 0.1333333 0.5447366 0.03229167 0.04052781
5 0.1747396 0.539031 0.02447917 0.03487276
5 0.2447917 0.5347728 0.02395833 0.02827521
5 0.2950521 0.5394685 0.01927083 0.0395853
5 0.2768229 0.551873 0.0359375 0.04712535
5 0.3380208 0.5367085 0.0125 0.0263902
5 0.4997396 0.5381391 0.01822917 0.0273327
5 0.5283854 0.5329047 0.01302083 0.02262017
5 0.5471354 0.5343691 0.009895833 0.01979265
5 0.5606771 0.5324841 0.0234375 0.01602262
5 0.6307291 0.5434917 0.01041667 0.01885014
5 0.6861979 0.5251621 0.01302083 0.03016023
5 0.7260417 0.5284946 0.02291667 0.03298775
5 0.7632812 0.5256333 0.01822917 0.03110273
5 0.8911458 0.5203483 0.03333334 0.03204524
5 0.8976563 0.542801 0.0421875 0.04241282

