7 0.9401042 0.6648623 0.021875 0.01790763
7 0.5549479 0.6735305 0.01510417 0.01413761
5 0.0640625 0.5786851 0.04166667 0.0527804
5 0.07942709 0.6220093 0.03489583 0.03581527
5 0.1067708 0.5568556 0.01666667 0.0263902
5 0.1505208 0.5721213 0.03333334 0.03581527
5 0.2135417 0.5600531 0.04583333 0.04429783
5 0.3416667 0.5851308 0.04270833 0.08294062
5 0.4460937 0.5621406 0.02864583 0.02544769
5 0.5356771 0.5810414 0.02864583 0.05749293
5 0.5260417 0.5619043 0.028125 0.05183789
5 0.5835937 0.5501061 0.02135417 0.03016023
5 0.6361979 0.5438785 0.0203125 0.02921772
5 0.6333333 0.6116067 0.07604167 0.07257304
5 0.6971354 0.5743763 0.08385417 0.05183789
5 0.7986979 0.5298578 0.0640625 0.04147031
5 0.7921875 0.5534724 0.015625 0.02921772
5 0.80625 0.5796445 0.03020833 0.0527804
5 0.965625 0.5867639 0.05104167 0.06126296
5 0.9101563 0.5643787 0.0234375 0.04335532
5 0.9216146 0.5303122 0.0578125 0.04429783
