5 0.1278646 0.5415054 0.02864583 0.0263902
5 0.1197917 0.5620224 0.0375 0.03864279
5 0.1372396 0.5937497 0.03697916 0.03110273
5 0.1794271 0.5558624 0.0296875 0.03016023
5 0.2213542 0.5467229 0.03229167 0.03298775
5 0.3502604 0.567105 0.0390625 0.06032045
5 0.3783854 0.5468242 0.01927083 0.02167766
5 0.4848958 0.5653888 0.03541667 0.03770028
5 0.4869792 0.5475641 0.04375 0.04618284
5 0.5210937 0.5381728 0.0171875 0.02356268
5 0.5575521 0.5323997 0.02864583 0.02544769
5 0.5570313 0.587774 0.07135417 0.05560792
5 0.6731771 0.5405797 0.02447917 0.02262017
5 0.7041667 0.5610294 0.03333334 0.04241282
5 0.8226563 0.5681488 0.05885417 0.05089538
5 0.9276041 0.577187 0.07916667 0.05937795
5 0.7721354 0.5534893 0.01197917 0.0273327
5 0.7627604 0.5477329 0.01510417 0.0273327
5 0.8471354 0.5173014 0.0296875 0.05089538
