5 0.1591146 0.5398385 0.04947917 0.05183789
5 0.2138021 0.5930421 0.05885417 0.05655042
5 0.2190104 0.56559 0.0296875 0.06880301
5 0.3098958 0.5317259 0.02291667 0.04712535
5 0.5010417 0.5563168 0.01666667 0.03298775
5 0.5471354 0.5403773 0.02135417 0.04524034
5 0.07682291 0.5580499 0.04947917 0.0537229
5 0.09661458 0.5584874 0.04739583 0.05843544
5 0.7179688 0.5710101 0.0203125 0.0527804
5 0.7390625 0.6046729 0.03125 0.04335532
5 0.7609375 0.5486586 0.03854167 0.03110273
5 0.8208333 0.5649344 0.02604167 0.03487276
5 0.8794271 0.5547849 0.04947917 0.04335532
7 0.8776042 0.6677743 0.01354167 0.01413761
