5 0.06276042 0.5558624 0.0328125 0.03016023
5 0.09427083 0.5622419 0.01770833 0.01413761
5 0.13125 0.5577137 0.03854167 0.03770028
5 0.1890625 0.5606087 0.034375 0.03581527
5 0.2674479 0.5578318 0.01822917 0.02450518
5 0.2815104 0.5583537 0.01197917 0.01979265
5 0.3872396 0.5566868 0.03177083 0.04524034
5 0.4182292 0.5529336 0.01875 0.03581527
5 0.4848958 0.5505942 0.0125 0.02921772
5 0.4903646 0.5681825 0.05677084 0.04712535
5 0.525 0.5556936 0.03645833 0.04901037
5 0.5869792 0.5568218 0.01458333 0.03016023
5 0.6132813 0.5510824 0.01197917 0.02827521
5 0.6507813 0.5501905 0.008854167 0.02073516
5 0.7572917 0.5563506 0.01770833 0.02921772
5 0.7888021 0.5506449 0.01197917 0.02356268
5 0.8088542 0.5530686 0.0125 0.02073516
5 0.9809896 0.5454442 0.01302083 0.01508011
5 0.9580729 0.5616862 0.0140625 0.02262017
5 0.9536458 0.544838 0.01979167 0.02921772
