5 0.9388020833333334 0.5311027332704995 0.09010416666666667 0.06314797360980208
5 0.87109375 0.527803958529689 0.04114583333333333 0.03958529688972667
5 0.8510416666666667 0.5273327049952875 0.04791666666666667 0.051837888784165884
5 0.5184895833333333 0.5155513666352498 0.03177083333333333 0.05089538171536286
5 0.48098958333333336 0.5197926484448633 0.0390625 0.05560791705937795
5 0.578125 0.5197926484448633 0.019791666666666666 0.0235626767200754
5 0.6223958333333334 0.5179076343072573 0.042708333333333334 0.05372290292177191
8 0.5901041666666667 0.5419415645617343 0.05520833333333333 0.019792648444863337
8 0.6916666666666667 0.5490103675777568 0.06979166666666667 0.03770028275212064
8 0.3065104166666667 0.5452403393025448 0.11614583333333334 0.058435438265786996
8 0.07838541666666667 0.5391140433553252 0.0765625 0.046182846371347785
5 0.5981770833333333 0.5212064090480678 0.011979166666666667 0.02827521206409048