3 0.5200520833333333 0.1691800188501414 0.14166666666666666 0.1055607917059378
3 0.50625 0.23091423185673893 0.09739583333333333 0.0706880301602262
3 0.5 0.09849198868991517 0.090625 0.07351555136663525
6 0.4627604166666667 0.051837888784165884 0.0359375 0.10367577756833177
3 0.5018229166666667 0.36145146088595664 0.11666666666666667 0.1112158341187559
3 0.5002604166666667 0.31385485391140433 0.11041666666666666 0.08011310084825636
3 0.49557291666666664 0.4590009425070688 0.08802083333333334 0.05560791705937795
3 0.51015625 0.5716305372290292 0.1296875 0.0640904806786051
3 0.49947916666666664 0.8557964184731386 0.0875 0.06503298774740811
3 0.5171875 0.9274269557021678 0.109375 0.05560791705937795
3 0.5276041666666667 0.9632422243166824 0.134375 0.07163053722902922
6 0.46510416666666665 0.7502356267672008 0.0171875 0.05560791705937795
3 0.5026041666666666 0.6588124410933082 0.10885416666666667 0.05560791705937795
3 0.5158854166666667 0.6131008482563619 0.1203125 0.06786050895381715
6 0.4671875 0.5084825636192272 0.019270833333333334 0.06974552309142319