5 0.8955729166666667 0.616870876531574 0.0921875 0.0999057492931197
5 0.9315104166666667 0.528746465598492 0.10989583333333333 0.0640904806786051
5 0.8776041666666666 0.4924599434495759 0.090625 0.058435438265786996
5 0.69375 0.5056550424128181 0.016666666666666666 0.043355325164938736
5 0.5981770833333333 0.49151743638077283 0.06927083333333334 0.0471253534401508
5 0.5541666666666667 0.527803958529689 0.04375 0.06786050895381715
5 0.6684895833333333 0.5377002827521207 0.11510416666666666 0.07445805843543826
5 0.3416666666666667 0.5179076343072573 0.08645833333333333 0.06597549481621112
5 0.05234375 0.5197926484448633 0.0609375 0.05560791705937795
5 0.026822916666666665 0.5367577756833176 0.0328125 0.030160226201696512
5 0.38203125 0.49811498586239394 0.0859375 0.0527803958529689
5 0.4421875 0.5221489161168709 0.06041666666666667 0.04147031102733271
5 0.6622395833333333 0.4877474081055608 0.05364583333333333 0.03958529688972667
8 0.46796875 0.4740810556079171 0.049479166666666664 0.01413760603204524
8 0.46927083333333336 0.4839773798303487 0.05 0.013195098963242224
8 0.6723958333333333 0.47690857681432614 0.046875 0.016022620169651274
8 0.3463541666666667 0.4754948162111216 0.05625 0.022620169651272386
5 0.22942708333333334 0.5494816211121584 0.034895833333333334 0.04995287464655985
7 0.5455729166666666 0.6635249764373233 0.013020833333333334 0.007540056550424128
5 0.9705729166666667 0.5075400565504241 0.04114583333333333 0.05466540999057493