5 0.5127604166666667 0.7907634307257304 0.020833333333333332 0.08765315739868049
5 0.5114583333333333 0.7445805843543827 0.016145833333333335 0.04429783223374175
5 0.5049479166666667 0.5032987747408105 0.0125 0.06880301602262016
5 0.50625 0.4641847313854854 0.016145833333333335 0.03581526861451461
5 0.5138020833333333 0.42507068803016024 0.015625 0.036757775683317624
5 0.5171875 0.354382657869934 0.015625 0.04806786050895382
5 0.5036458333333333 0.294062205466541 0.013020833333333334 0.027332704995287466
5 0.50390625 0.29029217719132894 0.015625 0.0706880301602262
5 0.5065104166666666 0.1536286522148916 0.014583333333333334 0.05372290292177191
5 0.5140625 0.11922714420358153 0.016145833333333335 0.08105560791705937
5 0.5109375 0.05136663524976438 0.0140625 0.07728557964184732
5 0.5158854166666667 0.019792648444863337 0.021354166666666667 0.03958529688972667
7 0.525 0.5824693685202639 0.007291666666666667 0.027332704995287466
7 0.5104166666666666 0.8826578699340245 0.008854166666666666 0.024505183788878417
8 0.5033854166666667 0.07210179076343072 0.0125 0.08671065032987747