5 0.496875 0.14938737040527805 0.023958333333333335 0.030160226201696512
5 0.5046875 0.3223374175306315 0.026041666666666668 0.12535344015080113
5 0.48463541666666665 0.4019792648444863 0.0375 0.07917059377945335
5 0.4791666666666667 0.1950989632422243 0.04114583333333333 0.20829406220546653
5 0.4901041666666667 0.7865221489161168 0.036458333333333336 0.15645617342130066
5 0.5010416666666667 0.7134778510838832 0.029166666666666667 0.15551366635249764
5 0.48776041666666664 0.6046182846371347 0.022916666666666665 0.10933081998114987
5 0.5067708333333333 0.2064090480678605 0.021875 0.09707822808671066
8 0.5143229166666666 0.5579641847313855 0.0078125 0.08953817153628653
8 0.5088541666666667 0.555607917059378 0.007291666666666667 0.09048067860508954
8 0.5127604166666667 0.1880301602262017 0.008854166666666666 0.08482563619227144
8 0.5135416666666667 0.7780395852968898 0.0125 0.10179076343072573
5 0.47291666666666665 0.9783223374175306 0.028125 0.04147031102733271
7 0.40963541666666664 0.4175306314797361 0.004166666666666667 0.0235626767200754