5 0.9638020833333333 0.5292177191328935 0.0546875 0.051837888784165884
5 0.9278645833333333 0.5405278039585297 0.09635416666666667 0.049010367577756835
5 0.7736979166666667 0.5282752120640904 0.0515625 0.03864278982092366
5 0.8307291666666666 0.5358152686145146 0.065625 0.043355325164938736
5 0.6747395833333333 0.5212064090480678 0.06197916666666667 0.058435438265786996
5 0.5989583333333334 0.5428840716305372 0.121875 0.08482563619227144
5 0.5177083333333333 0.532516493873704 0.04375 0.05466540999057493
5 0.465625 0.5301602262016966 0.04375 0.04052780395852969
5 0.35651041666666666 0.5292177191328935 0.04010416666666667 0.024505183788878417
5 0.3455729166666667 0.5131950989632422 0.016145833333333335 0.034872761545711596
5 0.30078125 0.5141376060320453 0.015104166666666667 0.03864278982092366
5 0.16067708333333333 0.5183788878416589 0.07864583333333333 0.06220546654099906
5 0.10078125 0.5155513666352498 0.04010416666666667 0.03958529688972667
5 0.07473958333333333 0.5141376060320453 0.0390625 0.051837888784165884
7 0.46796875 0.6032045240339302 0.019270833333333334 0.011310084825636193
5 0.3265625 0.5103675777568332 0.017708333333333333 0.03298774740810556