3 0.46796875 0.8114985862393967 0.0984375 0.07822808671065033
3 0.46640625 0.6244109330819981 0.0625 0.033930254476908575
3 0.46328125 0.49670122525918947 0.10208333333333333 0.06314797360980208
3 0.44947916666666665 0.43732327992459946 0.09791666666666667 0.05372290292177191
3 0.4671875 0.33034872761545714 0.07291666666666667 0.0527803958529689
3 0.45234375 0.2474081055607917 0.090625 0.05466540999057493
3 0.4239583333333333 0.22384542884071632 0.14635416666666667 0.060320452403393024
3 0.4515625 0.2351555136663525 0.115625 0.0527803958529689
3 0.45 0.1691800188501414 0.08802083333333334 0.03770028275212064
3 0.45677083333333335 0.15504241281809614 0.0859375 0.043355325164938736
3 0.4609375 0.10933081998114987 0.06666666666666667 0.0763430725730443
3 0.4630208333333333 0.030631479736098022 0.078125 0.061262959472196045