8 0.6979166666666666 0.5499528746465598 0.11770833333333333 0.06597549481621112
8 0.9247395833333333 0.5372290292177191 0.0703125 0.05089538171536286
8 0.32135416666666666 0.5490103675777568 0.075 0.03581526861451461
8 0.4083333333333333 0.5372290292177191 0.057291666666666664 0.03110273327049953
5 0.5208333333333334 0.5197926484448633 0.035416666666666666 0.05560791705937795
5 0.4817708333333333 0.5150801131008482 0.029166666666666667 0.04995287464655985
5 0.38046875 0.5197926484448633 0.043229166666666666 0.05372290292177191
5 0.4200520833333333 0.5221489161168709 0.021354166666666667 0.024505183788878417
5 0.15104166666666666 0.5339302544769086 0.04375 0.04147031102733271
5 0.12708333333333333 0.5301602262016966 0.040625 0.03864278982092366
5 0.06380208333333333 0.5320452403393026 0.09114583333333333 0.061262959472196045