3 0.32786458333333335 0.4420358152686145 0.043229166666666666 0.17813383600377003
3 0.43125 0.43920829406220546 0.01875 0.11310084825636192
3 0.5018229166666667 0.43355325164938735 0.034895833333333334 0.18473138548539114
3 0.5346354166666667 0.40857681432610743 0.0296875 0.177191328934967
3 0.59375 0.44062205466541 0.029166666666666667 0.13195098963242224
3 0.6395833333333333 0.413760603204524 0.030208333333333334 0.16399622997172478
3 0.6526041666666667 0.36239396795475964 0.03333333333333333 0.2648444863336475
3 0.6463541666666667 0.4123468426013195 0.029166666666666667 0.20923656927426956
3 0.6828125 0.4095193213949105 0.020833333333333332 0.15928369462770972
3 0.690625 0.42177191328934965 0.023958333333333335 0.15551366635249764
3 0.7158854166666667 0.4293119698397738 0.0421875 0.12064090480678605
3 0.7622395833333333 0.43261074458058435 0.0390625 0.14043355325164938
3 0.7994791666666666 0.4340245051837889 0.030208333333333334 0.16022620169651272
3 0.84375 0.4184731385485391 0.025 0.1470311027332705
3 0.8861979166666667 0.4019792648444863 0.0296875 0.22148916116870876
3 0.9372395833333333 0.41328934967012254 0.0609375 0.1828463713477851