0 0.8244791666666667 0.6540999057492931 0.11041666666666666 0.09802073515551367
7 0.63515625 0.7615457115928369 0.0203125 0.017907634307257305
5 0.8903645833333333 0.6682375117813384 0.0234375 0.03770028275212064
5 0.7591145833333334 0.6837888784165881 0.0203125 0.03110273327049953
5 0.8309895833333333 0.5560791705937794 0.0640625 0.03864278982092366
5 0.73515625 0.5320452403393026 0.0421875 0.04806786050895382
5 0.9596354166666666 0.5372290292177191 0.06614583333333333 0.04429783223374175
5 0.9588541666666667 0.525918944392083 0.06041666666666667 0.04147031102733271
5 0.9375 0.5207351555136663 0.051041666666666666 0.03864278982092366
8 0.703125 0.5471253534401508 0.035416666666666666 0.020735155513666354
8 0.3729166666666667 0.556550424128181 0.053125 0.03581526861451461
8 0.30703125 0.5579641847313855 0.04010416666666667 0.033930254476908575