5 0.8104166666666667 0.6319509896324222 0.04479166666666667 0.05937794533459001
5 0.65390625 0.647502356267672 0.11614583333333334 0.07917059377945335
5 0.49140625 0.6498586239396795 0.034895833333333334 0.0471253534401508
5 0.45546875 0.6536286522148916 0.044270833333333336 0.05655042412818096
5 0.2328125 0.6489161168708766 0.22604166666666667 0.13006597549481622
5 0.7692708333333333 0.6470311027332705 0.03229166666666667 0.049010367577756835
5 0.73984375 0.647502356267672 0.0296875 0.05655042412818096
5 0.026822916666666665 0.67813383600377 0.0359375 0.04429783223374175
5 0.03984375 0.6734213006597549 0.059895833333333336 0.051837888784165884
7 0.11536458333333334 0.7016965127238455 0.0171875 0.013195098963242224
7 0.34010416666666665 0.7747408105560791 0.014583333333333334 0.00942507068803016