3 0.5315104166666667 0.7191328934967012 0.12708333333333333 0.06880301602262016
3 0.5372395833333333 0.6498586239396795 0.10364583333333334 0.049010367577756835
3 0.5403645833333334 0.8251649387370406 0.08645833333333333 0.05655042412818096
3 0.5479166666666667 0.883129123468426 0.0953125 0.06314797360980208
3 0.5513020833333333 0.9943449575871819 0.07760416666666667 0.00942507068803016
3 0.5328125 0.33317624882186614 0.0765625 0.03581526861451461
3 0.53828125 0.22478793590951932 0.09635416666666667 0.08105560791705937
3 0.528125 0.15551366635249764 0.12552083333333333 0.06880301602262016
3 0.5299479166666666 0.05372290292177191 0.0859375 0.057492931196983975
3 0.5104166666666666 0.4330819981149859 0.10729166666666666 0.07728557964184732
6 0.5708333333333333 0.39915174363807726 0.022395833333333334 0.15645617342130066