3 0.47994791666666664 0.8308199811498587 0.14166666666666666 0.1055607917059378
3 0.49375 0.7690857681432611 0.09739583333333333 0.0706880301602262
3 0.5 0.9015080113100848 0.090625 0.07351555136663525
6 0.5377604166666666 0.9476908576814326 0.0359375 0.10273327049952875
3 0.4981770833333333 0.6385485391140433 0.11666666666666667 0.1112158341187559
3 0.49973958333333335 0.6861451460885957 0.11041666666666666 0.08011310084825636
3 0.5044270833333333 0.5409990574929312 0.08802083333333334 0.05560791705937795
3 0.48984375 0.42836946277097077 0.1296875 0.0640904806786051
3 0.5005208333333333 0.14420358152686144 0.0875 0.06503298774740811
3 0.4828125 0.07257304429783223 0.109375 0.05560791705937795
3 0.47239583333333335 0.03628652214891612 0.134375 0.07257304429783223
6 0.5348958333333333 0.24976437323279924 0.0171875 0.05560791705937795
3 0.4973958333333333 0.3411875589066918 0.10885416666666667 0.05560791705937795
3 0.48411458333333335 0.3868991517436381 0.1203125 0.06786050895381715
6 0.5328125 0.49151743638077283 0.019270833333333334 0.06974552309142319