3 0.62109375 0.5570216776625825 0.03802083333333333 0.2299717247879359
3 0.5828125 0.5673892554194157 0.027083333333333334 0.1875589066918002
3 0.6796875 0.5730442978322338 0.03125 0.15645617342130066
3 0.71171875 0.5867106503298775 0.034895833333333334 0.17247879359095195
3 0.7875 0.5848256361922715 0.0375 0.12441093308199812
3 0.7825520833333334 0.5923656927426956 0.0234375 0.13949104618284638
3 0.82734375 0.5829406220546655 0.0234375 0.14985862393967955
3 0.94140625 0.5999057492931197 0.028645833333333332 0.13949104618284638
3 0.8953125 0.5716305372290292 0.028125 0.177191328934967
3 0.8604166666666667 0.5801131008482564 0.0375 0.19604147031102734
3 0.8497395833333333 0.5758718190386428 0.030729166666666665 0.14326107445805844
3 0.4078125 0.55937794533459 0.019791666666666666 0.13854853911404336
3 0.34791666666666665 0.5692742695570217 0.04479166666666667 0.17436380772855797
3 0.30963541666666666 0.5508953817153629 0.03802083333333333 0.22714420358152687
3 0.25338541666666664 0.5541941564561734 0.03177083333333333 0.15551366635249764
3 0.19348958333333333 0.5664467483506126 0.0390625 0.20263901979264845
3 0.07760416666666667 0.5678605089538171 0.023958333333333335 0.11969839773798303
3 0.0171875 0.5673892554194157 0.016666666666666666 0.13195098963242224
3 0.059375 0.5730442978322338 0.019791666666666666 0.09142318567389256
3 0.4630208333333333 0.5188501413760603 0.042708333333333334 0.1941564561734213
6 0.44427083333333334 0.6281809613572101 0.08645833333333333 0.04052780395852969
6 0.1921875 0.5999057492931197 0.059375 0.08388312912346843
6 0.14322916666666666 0.6135721017907634 0.057291666666666664 0.03770028275212064
3 0.11276041666666667 0.5763430725730443 0.0359375 0.15174363807728558