5 0.8984375 0.5466540999057493 0.12083333333333333 0.0942507068803016
5 0.9692708333333333 0.525918944392083 0.04479166666666667 0.06597549481621112
5 0.7802083333333333 0.5235626767200754 0.04895833333333333 0.046182846371347785
5 0.7625 0.5362865221489161 0.05 0.04429783223374175
5 0.8169270833333333 0.5367577756833176 0.059895833333333336 0.06503298774740811
5 0.65 0.5249764373232799 0.040625 0.043355325164938736
5 0.6182291666666667 0.525918944392083 0.03125 0.030160226201696512
5 0.60234375 0.5212064090480678 0.0265625 0.033930254476908575
5 0.4635416666666667 0.5254476908576814 0.08020833333333334 0.057492931196983975
5 0.39765625 0.5197926484448633 0.0484375 0.04241281809613572
5 0.37864583333333335 0.5212064090480678 0.041666666666666664 0.049010367577756835
5 0.11458333333333333 0.5301602262016966 0.05520833333333333 0.033930254476908575
5 0.04739583333333333 0.5070688030160226 0.0375 0.046182846371347785
5 0.128125 0.5136663524976437 0.017708333333333333 0.02827521206409048
5 0.15104166666666666 0.5108388312912346 0.040625 0.05372290292177191
7 0.2578125 0.5433553251649388 0.016666666666666666 0.011310084825636193
8 0.21692708333333333 0.5400565504241281 0.07447916666666667 0.03864278982092366