3 0.53203125 0.1885014137606032 0.0984375 0.07822808671065033
3 0.53359375 0.37558906691800187 0.0625 0.033930254476908575
3 0.53671875 0.5032987747408105 0.10208333333333333 0.06314797360980208
3 0.5505208333333333 0.5626767200754006 0.09791666666666667 0.05372290292177191
3 0.5328125 0.6696512723845429 0.07291666666666667 0.0527803958529689
3 0.54765625 0.7525918944392083 0.090625 0.05466540999057493
3 0.5760416666666667 0.7761545711592837 0.14635416666666667 0.060320452403393024
3 0.5484375 0.7648444863336475 0.115625 0.0527803958529689
3 0.55 0.8308199811498587 0.08802083333333334 0.03770028275212064
3 0.5432291666666667 0.8449575871819038 0.0859375 0.043355325164938736
3 0.5390625 0.8906691800188501 0.06666666666666667 0.0763430725730443
3 0.5375 0.9688972667295005 0.078125 0.060320452403393024