3 0.3789063 0.5569515 0.03802083 0.2299717
3 0.4171875 0.5674048 0.02708333 0.1875589
3 0.3203125 0.5729599 0.03125 0.1564562
3 0.2882813 0.5867275 0.03489583 0.1724788
3 0.2125 0.5847595 0.0375 0.1244109
3 0.2174479 0.5922995 0.0234375 0.1394911
3 0.1726563 0.5830926 0.0234375 0.1498586
3 0.05859375 0.5999746 0.02864583 0.1394911
3 0.1046875 0.5718148 0.028125 0.1771913
3 0.1395833 0.5802805 0.0375 0.1960415
3 0.1502604 0.5759562 0.03072917 0.1432611
3 0.5921875 0.5592092 0.01979167 0.1385485
3 0.6520833 0.5694417 0.04479166 0.1743638
3 0.6903646 0.5507408 0.03802083 0.2271442
3 0.7466146 0.5542603 0.03177083 0.1555137
3 0.8065104 0.5663104 0.0390625 0.202639
3 0.9223958 0.5680124 0.02395833 0.1196984
3 0.9828125 0.567423 0.01666667 0.131951
3 0.940625 0.5730625 0.01979167 0.09142318
3 0.5369791 0.5188968 0.04270833 0.1941565
6 0.5557292 0.6282032 0.08645833 0.04052781
6 0.8078125 0.5999928 0.059375 0.08388313
6 0.8567708 0.613358 0.05729167 0.03770028
3 0.8872396 0.5763599 0.0359375 0.1517436
