5 0.1247396 0.4719895 0.07552084 0.1291235
5 0.4153646 0.3730405 0.0328125 0.03675777
5 0.5330729 0.3667791 0.0328125 0.0395853
5 0.5953125 0.362016 0.05 0.03581527
5 0.7023438 0.3656678 0.02239583 0.05655042
5 0.778125 0.3509746 0.02916667 0.03675777
5 0.8065104 0.347154 0.03697916 0.03487276
7 0.1945312 0.4169204 0.009895833 0.01131008
7 0.4755208 0.391017 0.01145833 0.01131008
7 0.5369791 0.3862369 0.009375 0.009425071
7 0.5997396 0.3847894 0.008854167 0.01036758
7 0.8877604 0.4068215 0.0109375 0.01413761
