3 0.3278646 0.4418097 0.04322917 0.1781338
3 0.43125 0.4390342 0.01875 0.1131008
3 0.5018229 0.4335959 0.03489583 0.1847314
3 0.5346354 0.4087194 0.0296875 0.1771913
3 0.59375 0.4407842 0.02916667 0.131951
3 0.6395833 0.4136344 0.03020833 0.1639962
3 0.6526042 0.3623638 0.03333334 0.2648445
3 0.6463541 0.41227 0.02916667 0.2092366
3 0.6828125 0.4093594 0.02083333 0.1592837
3 0.690625 0.4218652 0.02395833 0.1555137
3 0.7158854 0.4293728 0.0421875 0.1206409
3 0.7622396 0.4325534 0.0390625 0.1404335
3 0.7994792 0.4338153 0.03020833 0.1602262
3 0.84375 0.4185833 0.025 0.1470311
3 0.8861979 0.4020868 0.0296875 0.2214892
3 0.9372396 0.4134657 0.0609375 0.1828464
