0 0.1755208 0.6540715 0.1104167 0.09802073
7 0.3648438 0.7617603 0.0203125 0.01790763
5 0.1096354 0.668043 0.0234375 0.03770028
5 0.2408854 0.6839319 0.0203125 0.03110273
5 0.1690104 0.5562662 0.0640625 0.03864279
5 0.2648438 0.5321972 0.0421875 0.04806786
5 0.04036458 0.5370278 0.06614583 0.04429783
5 0.04114584 0.5260202 0.06041666 0.04147031
5 0.0625 0.5207689 0.05104167 0.03864279
8 0.296875 0.5473124 0.03541667 0.02073516
8 0.6270834 0.5567712 0.053125 0.03581527
8 0.6929687 0.5577474 0.04010417 0.03393025
