5 0.1015625 0.5466541 0.1208333 0.09425071
5 0.03072917 0.5258008 0.04479166 0.06597549
5 0.2197917 0.5235795 0.04895834 0.04618284
5 0.2375 0.5360684 0.05 0.04429783
5 0.1830729 0.5368422 0.05989583 0.06503299
5 0.35 0.525044 0.040625 0.04335532
5 0.3817708 0.5261215 0.03125 0.03016023
5 0.3976563 0.5212908 0.0265625 0.03393025
5 0.5364583 0.5253971 0.08020833 0.05749293
5 0.6023437 0.5197758 0.0484375 0.04241282
5 0.6213542 0.5211558 0.04166667 0.04901037
5 0.8854167 0.5299253 0.05520833 0.03393025
5 0.9526042 0.50727 0.0375 0.04618284
5 0.871875 0.5136663 0.01770833 0.02827521
5 0.8489583 0.51104 0.040625 0.0537229
7 0.7421875 0.5435592 0.01666667 0.01131008
8 0.7830729 0.5399566 0.07447917 0.03864279
