5 0.1044271 0.6166386 0.0921875 0.09990575
5 0.06848958 0.5286958 0.1098958 0.06409048
5 0.1223958 0.4922898 0.090625 0.05843544
5 0.30625 0.5058563 0.01666667 0.04335532
5 0.4018229 0.4914317 0.06927083 0.04712535
5 0.4458333 0.5277027 0.04375 0.06786051
5 0.3315104 0.5377172 0.1151042 0.07445806
5 0.6583334 0.5181257 0.08645833 0.06597549
5 0.9476563 0.5196576 0.0609375 0.05560792
5 0.9731771 0.5366747 0.0328125 0.03016023
5 0.6179687 0.4980968 0.0859375 0.0527804
5 0.5578125 0.5221827 0.06041666 0.04147031
5 0.3377604 0.4876617 0.05364583 0.0395853
8 0.5320312 0.4739785 0.04947917 0.01413761
8 0.5307292 0.4840604 0.05 0.0131951
8 0.3276042 0.4768397 0.046875 0.01602262
8 0.6536458 0.4753416 0.05625 0.02262017
5 0.7705729 0.5494492 0.03489583 0.04995288
7 0.4544271 0.6635161 0.01302083 0.007540056
5 0.02942708 0.5076737 0.04114584 0.05466541
