5 0.06119792 0.5311027 0.09010417 0.06314798
5 0.1289063 0.5279559 0.04114584 0.0395853
5 0.1489583 0.5273665 0.04791667 0.05183789
5 0.4815104 0.5153826 0.03177083 0.05089538
5 0.5190104 0.5196576 0.0390625 0.05560792
5 0.421875 0.5199445 0.01979167 0.02356268
5 0.3776042 0.5177557 0.04270833 0.0537229
8 0.4098958 0.5420442 0.05520833 0.01979265
8 0.3083333 0.5490792 0.06979167 0.03770028
8 0.6934896 0.545056 0.1161458 0.05843544
8 0.9216146 0.5389297 0.0765625 0.04618284
5 0.4018229 0.5213414 0.01197917 0.02827521

