5 0.3393229 0.5231758 0.0484375 0.03770028
5 0.3648438 0.5208533 0.02447917 0.02921772
5 0.4981771 0.5089201 0.03802083 0.02262017
5 0.5197917 0.5112594 0.01979167 0.02921772
5 0.5414063 0.525179 0.0203125 0.02827521
5 0.5804688 0.5309353 0.0265625 0.02827521
5 0.6138021 0.5065132 0.01510417 0.02356268
5 0.6158854 0.5069506 0.0390625 0.02827521
5 0.6914063 0.5117645 0.0296875 0.0263902
5 0.7104167 0.5256503 0.04479166 0.02921772
5 0.7479166 0.5199277 0.04270833 0.02544769
5 0.7825521 0.5289321 0.05572917 0.03770028
5 0.8059896 0.5098457 0.04739583 0.0263902
5 0.9197916 0.5060588 0.03020833 0.02073516
5 0.9070312 0.5175714 0.0203125 0.02073516
5 0.9541667 0.5098795 0.03645833 0.02262017
5 0.9815104 0.5280234 0.01614583 0.03204524
5 0.9195312 0.5346715 0.0578125 0.0395853
7 0.4544271 0.5454611 0.01510417 0.0131951
7 0.2885417 0.5190527 0.01354167 0.01602262
8 0.7364584 0.5060419 0.04791667 0.02262017

