3 0.04765625 0.5197718 0.03802083 0.2035815
3 0.09583333 0.5381027 0.04895834 0.1385485
3 0.1484375 0.5144036 0.025 0.1602262
3 0.1716146 0.5123667 0.03072917 0.1734213
3 0.2 0.5179205 0.04479166 0.1960415
3 0.3171875 0.4636548 0.05833333 0.2563619
3 0.3513021 0.4888365 0.0390625 0.1762488
3 0.278125 0.4999791 0.040625 0.1639962
6 0.2346354 0.5680306 0.0921875 0.06409048
3 0.4234375 0.496679 0.06145833 0.2111216
3 0.3971354 0.4996584 0.04427083 0.1998115
3 0.4773437 0.5081761 0.03072917 0.1592837
3 0.5395833 0.4815976 0.03541667 0.2346843
3 0.6966146 0.5009891 0.0359375 0.1583412
3 0.8369792 0.4867658 0.03854167 0.193214
3 0.7361979 0.468975 0.03072917 0.1979265
3 0.7630208 0.4498703 0.053125 0.2422243
3 0.9114583 0.4981616 0.04583333 0.1526861
3 0.9471354 0.5000804 0.0265625 0.1526861
3 0.9661458 0.5018318 0.02708333 0.1178134
6 0.6382812 0.5630494 0.03072917 0.03110273
3 0.5877604 0.4953665 0.03072917 0.196984
3 0.5625 0.4711962 0.0375 0.2177191
6 0.5046875 0.5591781 0.03854167 0.03487276

