5 0.03619792 0.5292853 0.0546875 0.05183789
5 0.07213542 0.5403435 0.09635416 0.04901037
5 0.2263021 0.528444 0.0515625 0.03864279
5 0.1692708 0.5355972 0.065625 0.04335532
5 0.3252604 0.5210714 0.06197917 0.05843544
5 0.4010417 0.5429009 0.121875 0.08482563
5 0.4822917 0.5326177 0.04375 0.05466541
5 0.534375 0.5303459 0.04375 0.04052781
5 0.6434896 0.5290502 0.04010417 0.02450518
5 0.6544271 0.5131276 0.01614583 0.03487276
5 0.6992188 0.5140532 0.01510417 0.03864279
5 0.8393229 0.5181595 0.07864583 0.06220547
5 0.8992187 0.5154839 0.04010417 0.0395853
5 0.9252604 0.513935 0.0390625 0.05183789
7 0.5320312 0.6030411 0.01927083 0.01131008
5 0.6734375 0.5102663 0.01770833 0.03298775

