7 0.3846354166666667 0.20405278039585298 0.008333333333333333 0.03770028275212064
7 0.39114583333333336 0.21677662582469368 0.007291666666666667 0.036757775683317624
7 0.40651041666666665 0.3001885014137606 0.007291666666666667 0.02827521206409048
7 0.46171875 0.3694627709707823 0.010416666666666666 0.029217719132893498
5 0.48541666666666666 0.5801131008482564 0.024479166666666666 0.0471253534401508
5 0.4705729166666667 0.8223374175306315 0.018229166666666668 0.030160226201696512
5 0.48203125 0.9868049010367578 0.024479166666666666 0.024505183788878417
5 0.4934895833333333 0.946277097078228 0.023958333333333335 0.0706880301602262
8 0.5049479166666667 0.969368520263902 0.0109375 0.05937794533459001
7 0.4778645833333333 0.5466540999057493 0.011979166666666667 0.0235626767200754
7 0.47291666666666665 0.5339302544769086 0.011458333333333333 0.02827521206409048
7 0.4752604166666667 0.5150801131008482 0.004166666666666667 0.020735155513666354