7 0.203125 0.7888784165881244 0.022916666666666665 0.01413760603204524
7 0.05807291666666667 0.7130065975494816 0.021354166666666667 0.012252591894439209
7 0.33645833333333336 0.708765315739868 0.020833333333333332 0.015080113100848256
7 0.34348958333333335 0.6969839773798303 0.0203125 0.013195098963242224
7 0.38958333333333334 0.6691800188501413 0.015625 0.013195098963242224
7 0.4278645833333333 0.5692742695570217 0.016145833333333335 0.01885014137606032
5 0.5442708333333334 0.5263901979264844 0.026041666666666668 0.04429783223374175
5 0.19661458333333334 0.5570216776625825 0.0265625 0.02827521206409048
5 0.678125 0.5532516493873704 0.016666666666666666 0.03298774740810556
0 0.8744791666666667 0.5607917059377945 0.10104166666666667 0.1055607917059378
5 0.7809895833333333 0.532516493873704 0.03697916666666667 0.043355325164938736
5 0.7466145833333333 0.5117813383600377 0.0390625 0.043355325164938736
5 0.94765625 0.5160226201696513 0.0421875 0.04429783223374175
5 0.9427083333333334 0.5084825636192272 0.020833333333333332 0.036757775683317624
5 0.97890625 0.5089538171536286 0.0234375 0.046182846371347785
5 0.8661458333333333 0.528746465598492 0.022916666666666665 0.03110273327049953
7 0.0921875 0.5617342130065975 0.007291666666666667 0.00942507068803016
8 0.8583333333333333 0.49293119698397736 0.040625 0.011310084825636193
8 0.8192708333333333 0.499057492931197 0.03854166666666667 0.01413760603204524
8 0.7716145833333333 0.49151743638077283 0.05677083333333333 0.01885014137606032
7 0.52578125 0.5400565504241281 0.013020833333333334 0.021677662582469368
7 0.51875 0.5490103675777568 0.015625 0.020735155513666354
7 0.5083333333333333 0.5447690857681433 0.011458333333333333 0.007540056550424128