7 0.796875 0.7886568 0.02291667 0.01413761
7 0.9419271 0.7128822 0.02135417 0.01225259
7 0.6635417 0.7085397 0.02083333 0.01508011
7 0.6565104 0.6970439 0.0203125 0.0131951
7 0.6104167 0.6692218 0.015625 0.0131951
7 0.5721354 0.5693951 0.01614583 0.01885014
5 0.4557292 0.5264746 0.02604167 0.04429783
5 0.8033854 0.5568387 0.0265625 0.02827521
5 0.321875 0.5534387 0.01666667 0.03298775
0 0.1255208 0.5609436 0.1010417 0.1055608
5 0.2190104 0.532719 0.03697916 0.04335532
5 0.2533854 0.5116125 0.0390625 0.04335532
5 0.05234375 0.5159214 0.0421875 0.04429783
5 0.05729167 0.5083138 0.02083333 0.03675777
5 0.02109375 0.5091888 0.0234375 0.04618284
5 0.1338542 0.5285115 0.02291667 0.03110273
7 0.9078125 0.5618044 0.007291667 0.009425071
8 0.1416667 0.4927118 0.040625 0.01131008
8 0.1807292 0.4989225 0.03854167 0.01413761
8 0.2283854 0.4916849 0.05677084 0.01885014
7 0.4742188 0.5401085 0.01302083 0.02167766
7 0.48125 0.5492311 0.015625 0.02073516
7 0.4916667 0.5445523 0.01145833 0.007540056
