5 0.2041667 0.5268446 0.03229167 0.05655042
5 0.1085937 0.5165277 0.0265625 0.03016023
5 0.2403646 0.5254309 0.0171875 0.0537229
5 0.3151042 0.5140026 0.034375 0.04429783
5 0.4033854 0.5197083 0.03072917 0.04995288
5 0.4135417 0.5049644 0.03333334 0.03581527
5 0.4859375 0.5312715 0.03020833 0.04429783
5 0.5385417 0.5105519 0.02395833 0.05466541
5 0.6104167 0.5020862 0.03333334 0.03581527
5 0.6395833 0.5197251 0.028125 0.04806786
5 0.7239583 0.4982655 0.02916667 0.03393025
5 0.7 0.5092394 0.03020833 0.04052781
5 0.7981771 0.5283427 0.0296875 0.04995288
5 0.8244792 0.5192708 0.03125 0.04524034
5 0.8296875 0.5001506 0.01458333 0.03770028
5 0.9005209 0.5374822 0.02083333 0.04712535
7 0.9283854 0.5338472 0.0203125 0.02450518
