5 0.4822916666666667 0.019444444444444445 0.028125 0.03888888888888889
5 0.4822916666666667 0.1638888888888889 0.014583333333333334 0.022222222222222223
5 0.48072916666666665 0.18472222222222223 0.016666666666666666 0.026851851851851852
5 0.47890625 0.399537037037037 0.018229166666666668 0.032407407407407406
5 0.48098958333333336 0.46064814814814814 0.0140625 0.023148148148148147
5 0.4861979166666667 0.4828703703703704 0.016145833333333335 0.023148148148148147
2 0.4861979166666667 0.6013888888888889 0.011979166666666667 0.04722222222222222
2 0.4864583333333333 0.6777777777777778 0.016666666666666666 0.03333333333333333
5 0.4825520833333333 0.7509259259259259 0.0265625 0.04259259259259259
7 0.45546875 0.0824074074074074 0.009895833333333333 0.037037037037037035
5 0.48489583333333336 0.7875 0.01875 0.023148148148148147
5 0.4825520833333333 0.8319444444444445 0.0203125 0.028703703703703703
5 0.48723958333333334 0.9472222222222222 0.019270833333333334 0.025925925925925925