5 0.5153645833333333 0.10324074074074074 0.028645833333333332 0.07685185185185185
5 0.5192708333333333 0.1675925925925926 0.023958333333333335 0.08888888888888889
5 0.51953125 0.2361111111111111 0.015104166666666667 0.016666666666666666
5 0.51796875 0.5120370370370371 0.0265625 0.07592592592592592
7 0.5380208333333333 0.44212962962962965 0.011458333333333333 0.030555555555555555
5 0.51796875 0.6689814814814815 0.0265625 0.05277777777777778
5 0.5208333333333334 0.7125 0.011458333333333333 0.025
5 0.52109375 0.7712962962962963 0.0265625 0.06851851851851852
5 0.52109375 0.837037037037037 0.0234375 0.06851851851851852
5 0.5203125 0.8912037037037037 0.017708333333333333 0.04537037037037037
5 0.5192708333333333 0.7560185185185185 0.016666666666666666 0.032407407407407406