5 0.48463541666666665 0.8967592592592593 0.028645833333333332 0.07685185185185185
5 0.48072916666666665 0.8324074074074074 0.023958333333333335 0.08888888888888889
5 0.48046875 0.7638888888888888 0.015104166666666667 0.016666666666666666
5 0.48203125 0.487962962962963 0.0265625 0.07592592592592592
7 0.46197916666666666 0.5578703703703703 0.011458333333333333 0.030555555555555555
5 0.48203125 0.33101851851851855 0.0265625 0.05277777777777778
5 0.4791666666666667 0.2875 0.011458333333333333 0.025
5 0.47890625 0.22870370370370371 0.0265625 0.06851851851851852
5 0.47890625 0.16296296296296298 0.0234375 0.06851851851851852
5 0.4796875 0.1087962962962963 0.017708333333333333 0.04537037037037037
5 0.48072916666666665 0.2439814814814815 0.016666666666666666 0.032407407407407406