5 0.03203125 0.5231481481481481 0.021354166666666667 0.046296296296296294
5 0.21119791666666668 0.5282407407407408 0.030729166666666665 0.030555555555555555
5 0.34427083333333336 0.5259259259259259 0.0125 0.024074074074074074
5 0.4328125 0.524537037037037 0.029166666666666667 0.05277777777777778
5 0.41380208333333335 0.5236111111111111 0.028645833333333332 0.04351851851851852
5 0.4609375 0.5222222222222223 0.017708333333333333 0.03888888888888889
5 0.5013020833333334 0.5277777777777778 0.025520833333333333 0.025925925925925925
5 0.7638020833333333 0.5351851851851852 0.03697916666666667 0.04259259259259259
5 0.8307291666666666 0.5365740740740741 0.036458333333333336 0.04722222222222222
5 0.8575520833333333 0.5342592592592592 0.024479166666666666 0.03148148148148148
5 0.7104166666666667 0.5347222222222222 0.015625 0.032407407407407406
5 0.67578125 0.5300925925925926 0.022395833333333334 0.028703703703703703
7 0.7869791666666667 0.5532407407407407 0.008333333333333333 0.010185185185185186
7 0.23671875 0.5912037037037037 0.0140625 0.01574074074074074
5 0.18255208333333334 0.5189814814814815 0.009895833333333333 0.019444444444444445
2 0.08697916666666666 0.5175925925925926 0.020833333333333332 0.027777777777777776
5 0.09010416666666667 0.5305555555555556 0.022916666666666665 0.020370370370370372