5 0.8143229166666667 0.549074074074074 0.08072916666666667 0.06111111111111111
5 0.7231770833333333 0.5273148148148148 0.043229166666666666 0.05092592592592592
5 0.6869791666666667 0.5342592592592592 0.05 0.04259259259259259
5 0.6484375 0.5347222222222222 0.009375 0.026851851851851852
5 0.49322916666666666 0.5319444444444444 0.042708333333333334 0.04722222222222222
7 0.5325520833333334 0.5675925925925925 0.0171875 0.020370370370370372
5 0.4049479166666667 0.5319444444444444 0.0296875 0.04722222222222222
5 0.38046875 0.5370370370370371 0.0140625 0.020370370370370372
5 0.34739583333333335 0.5375 0.03854166666666667 0.04722222222222222
5 0.3104166666666667 0.5375 0.03854166666666667 0.041666666666666664
5 0.2799479166666667 0.5361111111111111 0.025520833333333333 0.03148148148148148
5 0.11979166666666667 0.538425925925926 0.03958333333333333 0.03796296296296296
5 0.06354166666666666 0.5365740740740741 0.029166666666666667 0.05092592592592592
5 0.07630208333333334 0.5375 0.019270833333333334 0.032407407407407406
5 0.16901041666666666 0.5370370370370371 0.022395833333333334 0.02962962962962963
5 0.35598958333333336 0.5342592592592592 0.018229166666666668 0.02962962962962963