1 0.7020833333333333 0.6152777777777778 0.16041666666666668 0.08611111111111111
7 0.990625 0.6310185185185185 0.017708333333333333 0.019444444444444445
5 0.8515625 0.5791666666666667 0.07604166666666666 0.08981481481481482
3 0.5580729166666667 0.712037037037037 0.09427083333333333 0.20925925925925926
2 0.5981770833333333 0.5074074074074074 0.05677083333333333 0.08333333333333333
7 0.4270833333333333 0.538425925925926 0.022916666666666665 0.012037037037037037
7 0.39817708333333335 0.587037037037037 0.011979166666666667 0.011111111111111112
7 0.58671875 0.5648148148148148 0.013020833333333334 0.009259259259259259
5 0.28828125 0.6134259259259259 0.033854166666666664 0.058333333333333334
6 0.10572916666666667 0.6666666666666666 0.034375 0.025925925925925925
2 0.7044270833333334 0.5180555555555556 0.04010416666666667 0.0712962962962963
5 0.13723958333333333 0.4986111111111111 0.04114583333333333 0.06759259259259259
5 0.16744791666666667 0.5013888888888889 0.06197916666666667 0.06944444444444445
5 0.2015625 0.5013888888888889 0.03229166666666667 0.07314814814814814