5 0.5182291666666666 0.9805555555555555 0.028125 0.037037037037037035
5 0.5177083333333333 0.8361111111111111 0.014583333333333334 0.022222222222222223
5 0.5192708333333333 0.8152777777777778 0.016666666666666666 0.026851851851851852
5 0.52109375 0.600462962962963 0.018229166666666668 0.032407407407407406
5 0.5190104166666667 0.5393518518518519 0.0140625 0.023148148148148147
5 0.5138020833333333 0.5171296296296296 0.016145833333333335 0.023148148148148147
2 0.5138020833333333 0.39861111111111114 0.011979166666666667 0.04722222222222222
2 0.5135416666666667 0.32222222222222224 0.016666666666666666 0.03333333333333333
5 0.5174479166666667 0.2490740740740741 0.0265625 0.04259259259259259
7 0.54453125 0.9175925925925926 0.009895833333333333 0.037037037037037035
5 0.5151041666666667 0.2125 0.01875 0.023148148148148147
5 0.5174479166666667 0.16805555555555557 0.0203125 0.028703703703703703
5 0.5127604166666667 0.05277777777777778 0.019270833333333334 0.025925925925925925