2 0.04088541666666667 0.5324074074074074 0.0796875 0.05555555555555555
5 0.11119791666666666 0.5430555555555555 0.0859375 0.0712962962962963
5 0.17604166666666668 0.5342592592592592 0.03125 0.05
5 0.20026041666666666 0.537962962962963 0.04739583333333333 0.053703703703703705
5 0.22760416666666666 0.5319444444444444 0.025 0.049074074074074076
5 0.3109375 0.5314814814814814 0.0125 0.025925925925925925
5 0.32265625 0.5342592592592592 0.015104166666666667 0.02962962962962963
5 0.4434895833333333 0.5375 0.018229166666666668 0.032407407407407406
5 0.4778645833333333 0.5337962962962963 0.013020833333333334 0.025
5 0.4903645833333333 0.524537037037037 0.013020833333333334 0.028703703703703703
2 0.55703125 0.524537037037037 0.0265625 0.021296296296296296
2 0.6 0.524074074074074 0.01875 0.02962962962962963
5 0.6411458333333333 0.5310185185185186 0.023958333333333335 0.04722222222222222
7 0.26510416666666664 0.5791666666666667 0.020833333333333332 0.017592592592592594
5 0.66171875 0.5268518518518519 0.013020833333333334 0.03333333333333333
5 0.68671875 0.5310185185185186 0.016145833333333335 0.03611111111111111
5 0.7515625 0.5226851851851851 0.014583333333333334 0.03425925925925926
6 0.815625 0.5726851851851852 0.019791666666666666 0.019444444444444445
5 0.8903645833333333 0.5263888888888889 0.0234375 0.04351851851851852
5 0.9229166666666667 0.524537037037037 0.04479166666666667 0.05277777777777778
5 0.9645833333333333 0.5217592592592593 0.013541666666666667 0.025
7 0.8713541666666667 0.5453703703703704 0.013541666666666667 0.011111111111111112