5 0.8143229 0.5490741 0.08072916 0.06111111
5 0.7231771 0.5273148 0.04322917 0.05092593
5 0.6869792 0.5342593 0.05 0.04259259
5 0.6484375 0.5347222 0.009375 0.02685185
5 0.4932292 0.5319445 0.04270833 0.04722222
7 0.5325521 0.5675926 0.0171875 0.02037037
5 0.4049479 0.5319445 0.0296875 0.04722222
5 0.3804688 0.537037 0.0140625 0.02037037
5 0.3473958 0.5375 0.03854167 0.04722222
5 0.3104167 0.5375 0.03854167 0.04166667
5 0.2799479 0.5361111 0.02552083 0.03148148
5 0.1197917 0.5384259 0.03958333 0.03796296
5 0.06354167 0.5365741 0.02916667 0.05092593
5 0.07630208 0.5375 0.01927083 0.03240741
5 0.1690104 0.537037 0.02239583 0.02962963
5 0.3559896 0.5342593 0.01822917 0.02962963
