5 0.9679688 0.5231481 0.02135417 0.04629629
5 0.7888021 0.5282407 0.03072917 0.03055556
5 0.6557292 0.5259259 0.0125 0.02407407
5 0.5671875 0.524537 0.02916667 0.05277778
5 0.5861979 0.5236111 0.02864583 0.04351852
5 0.5390625 0.5222222 0.01770833 0.03888889
5 0.4986979 0.5277778 0.02552083 0.02592593
5 0.2361979 0.5351852 0.03697916 0.04259259
5 0.1692708 0.5365741 0.03645833 0.04722222
5 0.1424479 0.5342593 0.02447917 0.03148148
5 0.2895833 0.5347222 0.015625 0.03240741
5 0.3242188 0.5300926 0.02239583 0.0287037
7 0.2130208 0.5532407 0.008333334 0.01018518
7 0.7632812 0.5912037 0.0140625 0.01574074
5 0.8174479 0.5189815 0.009895833 0.01944445
2 0.9130208 0.5175926 0.02083333 0.02777778
5 0.9098958 0.5305555 0.02291667 0.02037037
