1 0.2979167 0.6152778 0.1604167 0.08611111
7 0.009114583 0.6305556 0.01822917 0.01851852
5 0.1484375 0.5791667 0.07604167 0.08981481
3 0.4419271 0.712037 0.09427083 0.2092593
2 0.4018229 0.5074074 0.05677084 0.08333334
7 0.5729167 0.5384259 0.02291667 0.01203704
7 0.6018229 0.587037 0.01197917 0.01111111
7 0.4132813 0.5648148 0.01302083 0.009259259
5 0.7117187 0.6134259 0.03385417 0.05833333
6 0.8942708 0.6666667 0.034375 0.02592593
2 0.2955729 0.5180556 0.04010417 0.0712963
5 0.8627604 0.4986111 0.04114584 0.06759259
5 0.8325521 0.5013889 0.06197917 0.06944445
5 0.7984375 0.5013889 0.03229167 0.07314815
