2 0.04088541 0.5324074 0.0796875 0.05555556
5 0.1111979 0.5430555 0.0859375 0.0712963
5 0.1760417 0.5342593 0.03125 0.05
5 0.2002604 0.537963 0.04739583 0.0537037
5 0.2276042 0.5319445 0.025 0.04907407
5 0.3109375 0.5314815 0.0125 0.02592593
5 0.3226562 0.5342593 0.01510417 0.02962963
5 0.4434896 0.5375 0.01822917 0.03240741
5 0.4778646 0.5337963 0.01302083 0.025
5 0.4903646 0.524537 0.01302083 0.0287037
2 0.5570313 0.524537 0.0265625 0.0212963
2 0.6 0.5240741 0.01875 0.02962963
5 0.6411458 0.5310185 0.02395833 0.04722222
7 0.2651042 0.5791667 0.02083333 0.01759259
5 0.6617187 0.5268518 0.01302083 0.03333334
5 0.6867188 0.5310185 0.01614583 0.03611111
5 0.7515625 0.5226852 0.01458333 0.03425926
6 0.815625 0.5726852 0.01979167 0.01944445
5 0.8903646 0.5263889 0.0234375 0.04351852
5 0.9229167 0.524537 0.04479166 0.05277778
5 0.9645833 0.5217593 0.01354167 0.025
7 0.8713542 0.5453704 0.01354167 0.01111111
