6 0.1 0.5666666666666667 0.010416666666666666 0.011111111111111112
5 0.04375 0.5365740740740741 0.036458333333333336 0.058333333333333334
5 0.16119791666666666 0.537962962962963 0.0296875 0.040740740740740744
5 0.18515625 0.5328703703703703 0.028645833333333332 0.03796296296296296
5 0.41067708333333336 0.5300925925925926 0.06197916666666667 0.06018518518518518
5 0.48411458333333335 0.5300925925925926 0.05260416666666667 0.04537037037037037
5 0.7817708333333333 0.5208333333333334 0.03125 0.04722222222222222
5 0.8182291666666667 0.524074074074074 0.04479166666666667 0.05740740740740741
7 0.7361979166666667 0.5472222222222223 0.025520833333333333 0.014814814814814815
7 0.6513020833333333 0.5773148148148148 0.04114583333333333 0.04537037037037037
7 0.7778645833333333 0.7912037037037037 0.08072916666666667 0.06759259259259259
7 0.8434895833333333 0.7939814814814815 0.09739583333333333 0.06388888888888888
2 0.13515625 0.5305555555555556 0.03802083333333333 0.025925925925925925
2 0.31796875 0.5254629629629629 0.0453125 0.041666666666666664
7 0.33125 0.5513888888888889 0.015625 0.008333333333333333
5 0.45260416666666664 0.5231481481481481 0.016666666666666666 0.04814814814814815