5 0.8700520833333333 0.5356481481481481 0.0765625 0.058333333333333334
5 0.6546875 0.5356481481481481 0.07291666666666667 0.06388888888888888
5 0.6033854166666667 0.5287037037037037 0.0671875 0.05925925925925926
2 0.5065104166666666 0.5236111111111111 0.05572916666666667 0.032407407407407406
5 0.4734375 0.5277777777777778 0.022916666666666665 0.044444444444444446
2 0.4427083333333333 0.524537037037037 0.04895833333333333 0.03796296296296296
2 0.3182291666666667 0.5162037037037037 0.04375 0.04722222222222222
5 0.19739583333333333 0.524537037037037 0.078125 0.06388888888888888
5 0.16927083333333334 0.5125 0.021875 0.04537037037037037
5 0.14973958333333334 0.5106481481481482 0.0265625 0.05277777777777778
2 0.10286458333333333 0.5212962962962963 0.0796875 0.04814814814814815