5 0.6309895833333333 0.5351851851851852 0.0359375 0.05740740740740741
5 0.43020833333333336 0.525 0.0625 0.06481481481481481
5 0.38177083333333334 0.524537037037037 0.03854166666666667 0.05462962962962963
5 0.26223958333333336 0.5259259259259259 0.0296875 0.03518518518518519
5 0.24114583333333334 0.5222222222222223 0.029166666666666667 0.03333333333333333
5 0.02265625 0.5236111111111111 0.0359375 0.05277777777777778
5 0.8096354166666667 0.5421296296296296 0.07760416666666667 0.04351851851851852
7 0.20833333333333334 0.5541666666666667 0.013541666666666667 0.013888888888888888
7 0.1171875 0.5462962962962963 0.029166666666666667 0.014814814814814815
7 0.10755208333333334 0.538425925925926 0.015104166666666667 0.010185185185185186
2 0.10546875 0.512962962962963 0.0453125 0.044444444444444446