2 0.359375 0.5361111111111111 0.05416666666666667 0.040740740740740744
2 0.6419270833333334 0.537962962962963 0.0359375 0.02962962962962963
7 0.5598958333333334 0.5388888888888889 0.020833333333333332 0.020370370370370372
5 0.49947916666666664 0.5333333333333333 0.04479166666666667 0.024074074074074074
5 0.47942708333333334 0.5236111111111111 0.0453125 0.03611111111111111
5 0.64140625 0.5259259259259259 0.03802083333333333 0.02962962962962963
5 0.7299479166666667 0.5333333333333333 0.0578125 0.03333333333333333
5 0.7799479166666666 0.5347222222222222 0.03802083333333333 0.026851851851851852
5 0.8026041666666667 0.5310185185185186 0.013541666666666667 0.023148148148148147
5 0.70625 0.5324074074074074 0.0375 0.025925925925925925
5 0.98359375 0.5430555555555555 0.0203125 0.03425925925925926
7 0.87421875 0.5472222222222223 0.015104166666666667 0.012962962962962963