6 0.1 0.5666667 0.01041667 0.01111111
5 0.04375 0.5365741 0.03645833 0.05833333
5 0.1611979 0.537963 0.0296875 0.04074074
5 0.1851563 0.5328704 0.02864583 0.03796296
5 0.4106771 0.5300926 0.06197917 0.06018519
5 0.4841146 0.5300926 0.05260416 0.04537037
5 0.7817708 0.5208333 0.03125 0.04722222
5 0.8182291 0.5240741 0.04479166 0.05740741
7 0.7361979 0.5472222 0.02552083 0.01481481
7 0.6513021 0.5773148 0.04114584 0.04537037
7 0.7778646 0.7912037 0.08072916 0.06759259
7 0.8434896 0.7939815 0.09739583 0.06388889
2 0.1351562 0.5305555 0.03802083 0.02592593
2 0.3179688 0.525463 0.0453125 0.04166667
7 0.33125 0.5513889 0.015625 0.008333334
5 0.4526042 0.5231481 0.01666667 0.04814815
