2 0.640625 0.5361111 0.05416667 0.04074074
2 0.3580729 0.537963 0.0359375 0.02962963
7 0.4401042 0.5388889 0.02083333 0.02037037
5 0.5005208 0.5333334 0.04479166 0.02407407
5 0.5205729 0.5236111 0.0453125 0.03611111
5 0.3585938 0.5259259 0.03802083 0.02962963
5 0.2700521 0.5333334 0.0578125 0.03333334
5 0.2200521 0.5347222 0.03802083 0.02685185
5 0.1973958 0.5310185 0.01354167 0.02314815
5 0.29375 0.5324074 0.0375 0.02592593
5 0.01640625 0.5430555 0.0203125 0.03425926
7 0.1257813 0.5472222 0.01510417 0.01296296
