5 0.0609375 0.3837963 0.04166667 0.06203704
5 0.1197917 0.3805556 0.021875 0.05
5 0.4820313 0.3648148 0.05052083 0.04629629
5 0.5286458 0.3615741 0.028125 0.03981481
5 0.2 0.3791667 0.02083333 0.03981481
5 0.8119792 0.3384259 0.04791667 0.04907407
5 0.8992187 0.337963 0.0453125 0.04814815
5 0.9104167 0.3333333 0.03854167 0.04814815
0 0.9447917 0.3425926 0.02916667 0.06111111
0 0.9643229 0.3407407 0.02239583 0.05740741
7 0.9309896 0.5550926 0.0265625 0.01944445
7 0.3158854 0.4162037 0.0203125 0.01388889
2 0.5885417 0.3425926 0.065625 0.06481481
2 0.1026042 0.375 0.02083333 0.04259259
2 0.1692708 0.3680556 0.05520833 0.05277778
0 0.8911458 0.4078704 0.05729167 0.05833333
