7 0.8330729166666667 0.7324074074074074 0.044270833333333336 0.02962962962962963
3 0.50546875 0.25787037037037036 0.024479166666666666 0.06944444444444445
1 0.5705729166666667 0.7754629629629629 0.21614583333333334 0.08611111111111111
1 0.52734375 0.737037037037037 0.16927083333333334 0.09259259259259259
1 0.49947916666666664 0.6837962962962963 0.16145833333333334 0.06018518518518518
1 0.3854166666666667 0.7018518518518518 0.06875 0.08703703703703704
7 0.34036458333333336 0.6981481481481482 0.018229166666666668 0.037037037037037035
7 0.5559895833333334 0.5763888888888888 0.016145833333333335 0.021296296296296296
7 0.5229166666666667 0.5939814814814814 0.019791666666666666 0.012037037037037037
7 0.4942708333333333 0.5740740740740741 0.014583333333333334 0.014814814814814815
7 0.5010416666666667 0.5944444444444444 0.01875 0.018518518518518517
7 0.48723958333333334 0.6046296296296296 0.019270833333333334 0.009259259259259259
7 0.43802083333333336 0.5842592592592593 0.026041666666666668 0.018518518518518517
7 0.4080729166666667 0.5958333333333333 0.0140625 0.006481481481481481
7 0.396875 0.6236111111111111 0.0125 0.008333333333333333
7 0.48854166666666665 0.5898148148148148 0.009375 0.009259259259259259
7 0.45677083333333335 0.5990740740740741 0.016666666666666666 0.007407407407407408
7 0.44895833333333335 0.6060185185185185 0.01875 0.012037037037037037
7 0.46145833333333336 0.6106481481481482 0.015625 0.010185185185185186
7 0.43307291666666664 0.6162037037037037 0.0203125 0.010185185185185186
7 0.421875 0.6199074074074075 0.010416666666666666 0.008333333333333333
7 0.36223958333333334 0.6111111111111112 0.0140625 0.014814814814814815