2 0.3703125 0.5356481481481481 0.06041666666666667 0.032407407407407406
2 0.44505208333333335 0.5328703703703703 0.0390625 0.025
5 0.9520833333333333 0.537962962962963 0.041666666666666664 0.05
5 0.9153645833333334 0.5328703703703703 0.0390625 0.030555555555555555
5 0.8947916666666667 0.5351851851851852 0.010416666666666666 0.022222222222222223
5 0.7380208333333333 0.5305555555555556 0.009375 0.014814814814814815
5 0.7192708333333333 0.5319444444444444 0.01875 0.026851851851851852
5 0.6984375 0.5328703703703703 0.022916666666666665 0.030555555555555555
5 0.66328125 0.5291666666666667 0.016145833333333335 0.026851851851851852
5 0.6333333333333333 0.5282407407407408 0.00625 0.013888888888888888
5 0.6046875 0.5277777777777778 0.017708333333333333 0.020370370370370372
5 0.5520833333333334 0.5287037037037037 0.021875 0.027777777777777776
5 0.5010416666666667 0.5287037037037037 0.008333333333333333 0.012962962962962963
5 0.4822916666666667 0.5287037037037037 0.021875 0.025925925925925925
5 0.46197916666666666 0.5254629629629629 0.01875 0.023148148148148147