5 0.22682291666666668 0.4263888888888889 0.0140625 0.028703703703703703
5 0.25625 0.4699074074074074 0.06145833333333333 0.058333333333333334
5 0.01640625 0.41805555555555557 0.015104166666666667 0.032407407407407406
5 0.012760416666666666 0.44212962962962965 0.022395833333333334 0.03796296296296296
5 0.28932291666666665 0.4337962962962963 0.018229166666666668 0.049074074074074076
5 0.28098958333333335 0.4398148148148148 0.0234375 0.037037037037037035
5 0.3296875 0.4287037037037037 0.01875 0.040740740740740744
5 0.45416666666666666 0.45 0.021875 0.04814814814814815
5 0.5182291666666666 0.4356481481481482 0.013541666666666667 0.025
5 0.5604166666666667 0.44074074074074077 0.021875 0.04259259259259259
5 0.703125 0.44027777777777777 0.035416666666666666 0.04537037037037037
5 0.621875 0.44166666666666665 0.017708333333333333 0.022222222222222223
5 0.73828125 0.4513888888888889 0.022395833333333334 0.032407407407407406
2 0.8674479166666667 0.46435185185185185 0.0421875 0.028703703703703703
6 0.52578125 0.4976851851851852 0.013020833333333334 0.013888888888888888