5 0.54140625 0.9856481481481482 0.016145833333333335 0.025
5 0.5169270833333334 0.9333333333333333 0.0328125 0.10925925925925926
5 0.5372395833333333 0.874537037037037 0.027604166666666666 0.032407407407407406
5 0.5338541666666666 0.8893518518518518 0.020833333333333332 0.041666666666666664
5 0.5401041666666667 0.8027777777777778 0.022916666666666665 0.03333333333333333
5 0.528125 0.5814814814814815 0.027083333333333334 0.03888888888888889
5 0.5361979166666667 0.4675925925925926 0.0140625 0.024074074074074074
5 0.5333333333333333 0.3925925925925926 0.023958333333333335 0.03888888888888889
5 0.53359375 0.1388888888888889 0.025520833333333333 0.06296296296296296
5 0.5328125 0.2833333333333333 0.0125 0.03148148148148148
5 0.52734375 0.0763888888888889 0.018229166666666668 0.03981481481481482
6 0.5013020833333334 0.45416666666666666 0.0078125 0.023148148148148147