5 0.51953125 0.050462962962962966 0.015104166666666667 0.017592592592592594
5 0.5190104166666667 0.07777777777777778 0.016145833333333335 0.04814814814814815
5 0.52109375 0.15787037037037038 0.015104166666666667 0.021296296296296296
5 0.5216145833333333 0.19398148148148148 0.016145833333333335 0.058333333333333334
5 0.5203125 0.4166666666666667 0.025 0.05925925925925926
5 0.515625 0.7342592592592593 0.011458333333333333 0.018518518518518517
5 0.5161458333333333 0.7587962962962963 0.016666666666666666 0.03981481481481482
5 0.5161458333333333 0.8388888888888889 0.019791666666666666 0.05740740740740741
5 0.5145833333333333 0.8814814814814815 0.015625 0.03518518518518519
5 0.5151041666666667 0.925 0.00625 0.009259259259259259
5 0.5143229166666666 0.9800925925925926 0.0140625 0.019444444444444445