5 0.19296875 0.4625 0.024479166666666666 0.04537037037037037
5 0.296875 0.4546296296296296 0.016666666666666666 0.03148148148148148
5 0.42864583333333334 0.4486111111111111 0.020833333333333332 0.03611111111111111
5 0.6841145833333333 0.44583333333333336 0.016145833333333335 0.032407407407407406
5 0.7515625 0.4625 0.027083333333333334 0.030555555555555555
5 0.8286458333333333 0.4550925925925926 0.017708333333333333 0.030555555555555555
5 0.915625 0.4689814814814815 0.016666666666666666 0.028703703703703703
5 0.9346354166666667 0.44675925925925924 0.0171875 0.030555555555555555
5 0.9614583333333333 0.44537037037037036 0.022916666666666665 0.027777777777777776
5 0.9481770833333333 0.46296296296296297 0.018229166666666668 0.02962962962962963
7 0.8236979166666667 0.7087962962962963 0.0140625 0.017592592592592594
7 0.9458333333333333 0.5814814814814815 0.016666666666666666 0.016666666666666666