7 0.59609375 0.7699074074074074 0.0171875 0.019444444444444445
5 0.9260416666666667 0.4689814814814815 0.017708333333333333 0.028703703703703703
5 0.9098958333333333 0.44907407407407407 0.017708333333333333 0.03148148148148148
5 0.8984375 0.4652777777777778 0.015625 0.026851851851851852
5 0.8901041666666667 0.44583333333333336 0.01875 0.028703703703703703
5 0.6700520833333333 0.45231481481481484 0.016145833333333335 0.03611111111111111
5 0.67890625 0.4587962962962963 0.0140625 0.03425925925925926
5 0.6380208333333334 0.4527777777777778 0.015625 0.02962962962962963
5 0.53671875 0.46944444444444444 0.018229166666666668 0.037037037037037035
5 0.45338541666666665 0.4638888888888889 0.019270833333333334 0.03518518518518519
5 0.34713541666666664 0.4587962962962963 0.0265625 0.030555555555555555
5 0.31614583333333335 0.4675925925925926 0.0125 0.022222222222222223
7 0.7135416666666666 0.5648148148148148 0.014583333333333334 0.012962962962962963