2 0.47994791666666664 0.7305555555555555 0.018229166666666668 0.10740740740740741
2 0.48151041666666666 0.5976851851851852 0.0140625 0.06944444444444445
5 0.4828125 0.07685185185185185 0.008333333333333333 0.016666666666666666
5 0.48203125 0.11018518518518519 0.015104166666666667 0.03333333333333333
5 0.48151041666666666 0.14722222222222223 0.0171875 0.040740740740740744
5 0.48359375 0.20972222222222223 0.015104166666666667 0.028703703703703703
5 0.48411458333333335 0.26296296296296295 0.0078125 0.011111111111111112
5 0.484375 0.3138888888888889 0.011458333333333333 0.03148148148148148
5 0.48385416666666664 0.4074074074074074 0.015625 0.03888888888888889
5 0.48385416666666664 0.4981481481481482 0.007291666666666667 0.014814814814814815
5 0.48385416666666664 0.5314814814814814 0.014583333333333334 0.03888888888888889
5 0.4856770833333333 0.5675925925925925 0.013020833333333334 0.03333333333333333