5 0.02421875 0.5342592592592592 0.033854166666666664 0.03148148148148148
5 0.20755208333333333 0.5305555555555556 0.0265625 0.027777777777777776
5 0.2713541666666667 0.5361111111111111 0.030208333333333334 0.025925925925925925
5 0.3984375 0.5342592592592592 0.03229166666666667 0.03888888888888889
5 0.57734375 0.524537037037037 0.0109375 0.019444444444444445
5 0.59375 0.5259259259259259 0.022916666666666665 0.027777777777777776
5 0.6393229166666666 0.5273148148148148 0.0359375 0.025
5 0.6606770833333333 0.5222222222222223 0.022395833333333334 0.025925925925925925
5 0.7169270833333333 0.5208333333333334 0.015104166666666667 0.025
5 0.7708333333333334 0.5231481481481481 0.030208333333333334 0.022222222222222223
5 0.83828125 0.525 0.0203125 0.022222222222222223
5 0.8533854166666667 0.5189814814814815 0.016145833333333335 0.025
7 0.3924479166666667 0.5824074074074074 0.0203125 0.014814814814814815
2 0.50390625 0.5430555555555555 0.08072916666666667 0.041666666666666664
2 0.12421875 0.5319444444444444 0.0578125 0.025
2 0.87421875 0.5254629629629629 0.03697916666666667 0.030555555555555555