7 0.27291666666666664 0.6555555555555556 0.07708333333333334 0.05
5 0.6447916666666667 0.5351851851851852 0.028125 0.027777777777777776
5 0.6614583333333334 0.5268518518518519 0.01875 0.027777777777777776
5 0.6778645833333333 0.5300925925925926 0.016145833333333335 0.026851851851851852
5 0.7458333333333333 0.5296296296296297 0.019791666666666666 0.025925925925925925
5 0.7895833333333333 0.5282407407407408 0.016666666666666666 0.023148148148148147
5 0.8447916666666667 0.5300925925925926 0.017708333333333333 0.026851851851851852
5 0.86953125 0.5356481481481481 0.028645833333333332 0.030555555555555555
5 0.9067708333333333 0.5342592592592592 0.021875 0.025925925925925925
5 0.92109375 0.5310185185185186 0.0078125 0.019444444444444445
5 0.8234375 0.5305555555555556 0.007291666666666667 0.012962962962962963
2 0.7916666666666666 0.5476851851851852 0.06145833333333333 0.025