3 0.36380208333333336 0.5097222222222222 0.0390625 0.04351851851851852
1 0.6549479166666666 0.625462962962963 0.0484375 0.38425925925925924
1 0.6333333333333333 0.5486111111111112 0.052083333333333336 0.30092592592592593
1 0.6033854166666667 0.49907407407407406 0.033854166666666664 0.28703703703703703
1 0.6135416666666667 0.2962962962962963 0.04895833333333333 0.12222222222222222
7 0.6114583333333333 0.2162037037037037 0.020833333333333332 0.032407407407407406
7 0.54296875 0.5995370370370371 0.011979166666666667 0.028703703703703703
7 0.5528645833333333 0.5407407407407407 0.0067708333333333336 0.03518518518518519
7 0.5416666666666666 0.4898148148148148 0.008333333333333333 0.025925925925925925
7 0.553125 0.5018518518518519 0.010416666666666666 0.03333333333333333
7 0.5588541666666667 0.4773148148148148 0.005208333333333333 0.03425925925925926
7 0.5473958333333333 0.38981481481481484 0.010416666666666666 0.046296296296296294
7 0.55390625 0.3365740740740741 0.0036458333333333334 0.025
7 0.56953125 0.31666666666666665 0.0046875 0.022222222222222223
7 0.5505208333333333 0.47962962962962963 0.005208333333333333 0.016666666666666666
7 0.5557291666666667 0.42314814814814816 0.004166666666666667 0.02962962962962963
7 0.5596354166666667 0.40925925925925927 0.0067708333333333336 0.03333333333333333
7 0.5622395833333333 0.43148148148148147 0.005729166666666666 0.027777777777777776
7 0.5653645833333333 0.38101851851851853 0.005729166666666666 0.03611111111111111
7 0.5674479166666667 0.3611111111111111 0.0046875 0.018518518518518517
7 0.5625 0.2550925925925926 0.008333333333333333 0.025