5 0.1929688 0.4625 0.02447917 0.04537037
5 0.296875 0.4546296 0.01666667 0.03148148
5 0.4286458 0.4486111 0.02083333 0.03611111
5 0.6841146 0.4458333 0.01614583 0.03240741
5 0.7515625 0.4625 0.02708333 0.03055556
5 0.8286458 0.4550926 0.01770833 0.03055556
5 0.915625 0.4689815 0.01666667 0.0287037
5 0.9346354 0.4467593 0.0171875 0.03055556
5 0.9614583 0.4453704 0.02291667 0.02777778
5 0.9481771 0.462963 0.01822917 0.02962963
7 0.8236979 0.7087963 0.0140625 0.01759259
7 0.9458333 0.5814815 0.01666667 0.01666667
