5 0.02421875 0.5342593 0.03385417 0.03148148
5 0.2075521 0.5305555 0.0265625 0.02777778
5 0.2713542 0.5361111 0.03020833 0.02592593
5 0.3984375 0.5342593 0.03229167 0.03888889
5 0.5773438 0.524537 0.0109375 0.01944445
5 0.59375 0.5259259 0.02291667 0.02777778
5 0.6393229 0.5273148 0.0359375 0.025
5 0.6606771 0.5222222 0.02239583 0.02592593
5 0.7169271 0.5208333 0.01510417 0.025
5 0.7708333 0.5231481 0.03020833 0.02222222
5 0.8382813 0.525 0.0203125 0.02222222
5 0.8533854 0.5189815 0.01614583 0.025
7 0.3924479 0.5824074 0.0203125 0.01481481
2 0.5039063 0.5430555 0.08072916 0.04166667
2 0.1242187 0.5319445 0.0578125 0.025
2 0.8742188 0.525463 0.03697916 0.03055556
