2 0.04713542 0.5398148 0.03385417 0.01851852
2 0.1776042 0.5347222 0.06666667 0.02314815
5 0.07994792 0.5412037 0.03177083 0.02685185
5 0.2471354 0.5347222 0.009895833 0.02685185
5 0.2625 0.5337963 0.02708333 0.0287037
5 0.3075521 0.5375 0.01197917 0.02685185
5 0.3278646 0.5384259 0.0328125 0.0287037
5 0.453125 0.5361111 0.03333334 0.04444445
5 0.6317708 0.5277778 0.01041667 0.02037037
5 0.6455729 0.5287037 0.02239583 0.02962963
5 0.690625 0.5287037 0.03229167 0.03518518
5 0.7145833 0.5259259 0.01979167 0.02777778
5 0.7390625 0.5268518 0.005208333 0.01111111
5 0.7700521 0.525463 0.0109375 0.025
5 0.8208333 0.525463 0.02708333 0.03055556
5 0.9408854 0.5611111 0.1171875 0.09074074
5 0.9114583 0.5199074 0.02291667 0.03055556
