7 0.1669271 0.7324074 0.04427083 0.02962963
3 0.4945312 0.2578704 0.02447917 0.06944445
1 0.4294271 0.775463 0.2161458 0.08611111
1 0.4726563 0.7370371 0.1692708 0.09259259
1 0.5005208 0.6837963 0.1614583 0.06018519
1 0.6145833 0.7018518 0.06875 0.08703703
7 0.6596354 0.6981481 0.01822917 0.03703704
7 0.4440104 0.5763889 0.01614583 0.0212963
7 0.4770833 0.5939815 0.01979167 0.01203704
7 0.5057291 0.5740741 0.01458333 0.01481481
7 0.4989583 0.5944445 0.01875 0.01851852
7 0.5127604 0.6046296 0.01927083 0.009259259
7 0.5619792 0.5842593 0.02604167 0.01851852
7 0.5919271 0.5958334 0.0140625 0.006481481
7 0.603125 0.6236111 0.0125 0.008333334
7 0.5114583 0.5898148 0.009375 0.009259259
7 0.5432292 0.5990741 0.01666667 0.007407407
7 0.5510417 0.6060185 0.01875 0.01203704
7 0.5385417 0.6106482 0.015625 0.01018518
7 0.5669271 0.6162037 0.0203125 0.01018518
7 0.578125 0.6199074 0.01041667 0.008333334
7 0.6377604 0.6111111 0.0140625 0.01481481
