5 0.2268229 0.4263889 0.0140625 0.0287037
5 0.25625 0.4699074 0.06145833 0.05833333
5 0.01640625 0.4180556 0.01510417 0.03240741
5 0.01276042 0.4421296 0.02239583 0.03796296
5 0.2893229 0.4337963 0.01822917 0.04907407
5 0.2809896 0.4398148 0.0234375 0.03703704
5 0.3296875 0.4287037 0.01875 0.04074074
5 0.4541667 0.45 0.021875 0.04814815
5 0.5182292 0.4356481 0.01354167 0.025
5 0.5604166 0.4407407 0.021875 0.04259259
5 0.703125 0.4402778 0.03541667 0.04537037
5 0.621875 0.4416667 0.01770833 0.02222222
5 0.7382813 0.4513889 0.02239583 0.03240741
2 0.8674479 0.4643519 0.0421875 0.0287037
6 0.5257813 0.4976852 0.01302083 0.01388889
