2 0.6296875 0.5356482 0.06041666 0.03240741
2 0.5549479 0.5328704 0.0390625 0.025
5 0.04791667 0.537963 0.04166667 0.05
5 0.08463541 0.5328704 0.0390625 0.03055556
5 0.1052083 0.5351852 0.01041667 0.02222222
5 0.2619792 0.5305555 0.009375 0.01481481
5 0.2807292 0.5319445 0.01875 0.02685185
5 0.3015625 0.5328704 0.02291667 0.03055556
5 0.3367187 0.5291666 0.01614583 0.02685185
5 0.3666667 0.5282407 0.00625 0.01388889
5 0.3953125 0.5277778 0.01770833 0.02037037
5 0.4479167 0.5287037 0.021875 0.02777778
5 0.4989583 0.5287037 0.008333334 0.01296296
5 0.5177084 0.5287037 0.021875 0.02592593
5 0.5380208 0.525463 0.01875 0.02314815

