7 0.7270833 0.6555555 0.07708333 0.05
5 0.3552083 0.5351852 0.028125 0.02777778
5 0.3385417 0.5268518 0.01875 0.02777778
5 0.3221354 0.5300926 0.01614583 0.02685185
5 0.2541667 0.5296296 0.01979167 0.02592593
5 0.2104167 0.5282407 0.01666667 0.02314815
5 0.1552083 0.5300926 0.01770833 0.02685185
5 0.1304688 0.5356482 0.02864583 0.03055556
5 0.09322917 0.5342593 0.021875 0.02592593
5 0.07890625 0.5310185 0.0078125 0.01944445
5 0.1765625 0.5305555 0.007291667 0.01296296
2 0.2083333 0.5476852 0.06145833 0.025
