7 0.4039063 0.7699074 0.0171875 0.01944445
5 0.07395833 0.4689815 0.01770833 0.0287037
5 0.09010417 0.4490741 0.01770833 0.03148148
5 0.1015625 0.4652778 0.015625 0.02685185
5 0.1098958 0.4458333 0.01875 0.0287037
5 0.3299479 0.4523148 0.01614583 0.03611111
5 0.3210937 0.4587963 0.0140625 0.03425926
5 0.3619792 0.4527778 0.015625 0.02962963
5 0.4632812 0.4694445 0.01822917 0.03703704
5 0.5466146 0.4638889 0.01927083 0.03518518
5 0.6528646 0.4587963 0.0265625 0.03055556
5 0.6838542 0.4675926 0.0125 0.02222222
7 0.2864583 0.5648148 0.01458333 0.01296296
