3 0.34921875 0.6685185185185185 0.021354166666666667 0.06111111111111111
5 0.5106770833333333 0.6472222222222223 0.0171875 0.037037037037037035
5 0.5268229166666667 0.6564814814814814 0.018229166666666668 0.02962962962962963
5 0.7005208333333334 0.6597222222222222 0.017708333333333333 0.025
5 0.9119791666666667 0.7333333333333333 0.08020833333333334 0.06481481481481481
7 0.6513020833333333 0.7087962962962963 0.022395833333333334 0.017592592592592594
7 0.8807291666666667 0.6504629629629629 0.015625 0.013888888888888888
7 0.93828125 0.7097222222222223 0.015104166666666667 0.01574074074074074
2 0.03958333333333333 0.5907407407407408 0.036458333333333336 0.03518518518518519
2 0.18385416666666668 0.5972222222222222 0.027083333333333334 0.04259259259259259
2 0.3494791666666667 0.5962962962962963 0.04375 0.02962962962962963
2 0.61875 0.6078703703703704 0.1125 0.08425925925925926