5 0.9044270833333333 0.5402777777777777 0.04114583333333333 0.032407407407407406
5 0.7755208333333333 0.5375 0.029166666666666667 0.021296296296296296
5 0.7578125 0.538425925925926 0.051041666666666666 0.032407407407407406
5 0.7072916666666667 0.5342592592592592 0.01875 0.016666666666666666
5 0.6669270833333333 0.5342592592592592 0.0359375 0.025925925925925925
5 0.6 0.549537037037037 0.021875 0.032407407407407406
5 0.5934895833333333 0.5305555555555556 0.018229166666666668 0.044444444444444446
5 0.5541666666666667 0.5342592592592592 0.027083333333333334 0.025925925925925925
5 0.4986979166666667 0.5287037037037037 0.0203125 0.027777777777777776
5 0.4828125 0.5282407407407408 0.019791666666666666 0.032407407407407406
5 0.46927083333333336 0.5342592592592592 0.041666666666666664 0.02962962962962963
5 0.4109375 0.5300925925925926 0.03125 0.028703703703703703
2 0.34817708333333336 0.5259259259259259 0.022395833333333334 0.018518518518518517
5 0.35234375 0.5310185185185186 0.0234375 0.013888888888888888
5 0.25833333333333336 0.5263888888888889 0.009375 0.028703703703703703
5 0.2713541666666667 0.5314814814814814 0.029166666666666667 0.027777777777777776
5 0.1765625 0.5185185185185185 0.026041666666666668 0.03333333333333333
5 0.12421875 0.5226851851851851 0.0171875 0.023148148148148147
5 0.09348958333333333 0.5263888888888889 0.0140625 0.026851851851851852
5 0.061197916666666664 0.5314814814814814 0.011979166666666667 0.024074074074074074
5 0.04296875 0.5222222222222223 0.019270833333333334 0.027777777777777776