5 0.5213541666666667 0.9814814814814815 0.0125 0.03518518518518519
5 0.521875 0.9560185185185185 0.01875 0.08611111111111111
5 0.5192708333333333 0.8685185185185185 0.009375 0.03333333333333333
5 0.5192708333333333 0.7967592592592593 0.014583333333333334 0.06388888888888888
5 0.5278645833333333 0.6777777777777778 0.018229166666666668 0.03888888888888889
5 0.5171875 0.6662037037037037 0.025 0.032407407407407406
5 0.5192708333333333 0.5962962962962963 0.014583333333333334 0.04814814814814815
5 0.5161458333333333 0.4976851851851852 0.015625 0.03611111111111111
5 0.5158854166666667 0.46944444444444444 0.018229166666666668 0.03518518518518519
5 0.5192708333333333 0.44537037037037036 0.016666666666666666 0.07407407407407407
5 0.5169270833333334 0.3416666666666667 0.016145833333333335 0.05555555555555555
2 0.5145833333333333 0.2300925925925926 0.010416666666666666 0.03981481481481482
5 0.5174479166666667 0.2375 0.0078125 0.041666666666666664
5 0.51484375 0.07037037037037037 0.016145833333333335 0.016666666666666666
5 0.5177083333333333 0.09351851851851851 0.015625 0.05185185185185185