5 0.4791666666666667 0.018518518518518517 0.0125 0.037037037037037035
5 0.4786458333333333 0.04398148148148148 0.01875 0.08796296296296297
5 0.48072916666666665 0.13148148148148148 0.009375 0.03333333333333333
5 0.48072916666666665 0.20324074074074075 0.014583333333333334 0.06388888888888888
5 0.47213541666666664 0.32222222222222224 0.018229166666666668 0.03888888888888889
5 0.4828125 0.3337962962962963 0.025 0.032407407407407406
5 0.48072916666666665 0.40370370370370373 0.014583333333333334 0.04814814814814815
5 0.48385416666666664 0.5023148148148148 0.015625 0.03611111111111111
5 0.48411458333333335 0.5305555555555556 0.018229166666666668 0.03518518518518519
5 0.48072916666666665 0.5546296296296296 0.016666666666666666 0.07407407407407407
5 0.4830729166666667 0.6583333333333333 0.016145833333333335 0.05555555555555555
2 0.48541666666666666 0.7699074074074074 0.010416666666666666 0.03981481481481482
5 0.4825520833333333 0.7625 0.0078125 0.041666666666666664
5 0.48515625 0.9296296296296296 0.016145833333333335 0.016666666666666666
5 0.4822916666666667 0.9064814814814814 0.015625 0.05185185185185185