5 0.9018229166666667 0.5537037037037037 0.04635416666666667 0.03888888888888889
5 0.82578125 0.5694444444444444 0.0203125 0.02962962962962963
5 0.49114583333333334 0.5652777777777778 0.021875 0.026851851851851852
5 0.50546875 0.5305555555555556 0.022395833333333334 0.024074074074074074
5 0.4466145833333333 0.5300925925925926 0.021354166666666667 0.028703703703703703
5 0.428125 0.5407407407407407 0.0125 0.020370370370370372
5 0.3145833333333333 0.5300925925925926 0.027083333333333334 0.028703703703703703
5 0.23723958333333334 0.5347222222222222 0.009895833333333333 0.026851851851851852
5 0.22005208333333334 0.5393518518518519 0.027604166666666666 0.030555555555555555
5 0.13723958333333333 0.537962962962963 0.0234375 0.024074074074074074
5 0.08072916666666667 0.5398148148148149 0.027083333333333334 0.027777777777777776
5 0.024479166666666666 0.5421296296296296 0.034375 0.03611111111111111
5 0.00859375 0.538425925925926 0.0171875 0.03796296296296296
2 0.6864583333333333 0.5296296296296297 0.2552083333333333 0.1388888888888889
0 0.5934895833333333 0.6143518518518518 0.1359375 0.07685185185185185