3 0.3492188 0.6685185 0.02135417 0.06111111
5 0.5106771 0.6472222 0.0171875 0.03703704
5 0.5268229 0.6564815 0.01822917 0.02962963
5 0.7005208 0.6597222 0.01770833 0.025
5 0.9119791 0.7333333 0.08020833 0.06481481
7 0.6513021 0.7087963 0.02239583 0.01759259
7 0.8807291 0.650463 0.015625 0.01388889
7 0.9382812 0.7097222 0.01510417 0.01574074
2 0.03958333 0.5907407 0.03645833 0.03518518
2 0.1838542 0.5972222 0.02708333 0.04259259
2 0.3494792 0.5962963 0.04375 0.02962963
2 0.61875 0.6078704 0.1125 0.08425926
