5 0.09557292 0.5402778 0.04114584 0.03240741
5 0.2244792 0.5375 0.02916667 0.0212963
5 0.2421875 0.5384259 0.05104167 0.03240741
5 0.2927083 0.5342593 0.01875 0.01666667
5 0.3330729 0.5342593 0.0359375 0.02592593
5 0.4 0.5495371 0.021875 0.03240741
5 0.4065104 0.5305555 0.01822917 0.04444445
5 0.4458333 0.5342593 0.02708333 0.02592593
5 0.5013021 0.5287037 0.0203125 0.02777778
5 0.5171875 0.5282407 0.01979167 0.03240741
5 0.5307292 0.5342593 0.04166667 0.02962963
5 0.5890625 0.5300926 0.03125 0.0287037
2 0.6518229 0.5259259 0.02239583 0.01851852
5 0.6476563 0.5310185 0.0234375 0.01388889
5 0.7416667 0.5263889 0.009375 0.0287037
5 0.7286459 0.5314815 0.02916667 0.02777778
5 0.8234375 0.5185185 0.02604167 0.03333334
5 0.8757812 0.5226852 0.0171875 0.02314815
5 0.9065104 0.5263889 0.0140625 0.02685185
5 0.9388021 0.5314815 0.01197917 0.02407407
5 0.9570313 0.5222222 0.01927083 0.02777778
