5 0.9018229 0.5537037 0.04635417 0.03888889
5 0.8257812 0.5694444 0.0203125 0.02962963
5 0.4911458 0.5652778 0.021875 0.02685185
5 0.5054687 0.5305555 0.02239583 0.02407407
5 0.4466146 0.5300926 0.02135417 0.0287037
5 0.428125 0.5407407 0.0125 0.02037037
5 0.3145833 0.5300926 0.02708333 0.0287037
5 0.2372396 0.5347222 0.009895833 0.02685185
5 0.2200521 0.5393519 0.02760417 0.03055556
5 0.1372396 0.537963 0.0234375 0.02407407
5 0.08072916 0.5398148 0.02708333 0.02777778
5 0.02447917 0.5421296 0.034375 0.03611111
5 0.00859375 0.5384259 0.0171875 0.03796296
2 0.6864583 0.5296296 0.2552083 0.1388889
0 0.5934896 0.6143519 0.1359375 0.07685185

