2 0.9609375 0.4726851851851852 0.05625 0.03611111111111111
2 0.6231770833333333 0.46111111111111114 0.08697916666666666 0.06666666666666667
5 0.8611979166666667 0.4787037037037037 0.0703125 0.07592592592592592
5 0.7286458333333333 0.475 0.10833333333333334 0.1
5 0.50234375 0.48194444444444445 0.10989583333333333 0.12129629629629629
5 0.09765625 0.4615740740740741 0.0328125 0.04537037037037037
5 0.28958333333333336 0.45601851851851855 0.09583333333333334 0.14351851851851852
5 0.18880208333333334 0.4703703703703704 0.07552083333333333 0.08703703703703704
5 0.049479166666666664 0.4597222222222222 0.042708333333333334 0.0787037037037037
7 0.4005208333333333 0.5328703703703703 0.022916666666666665 0.017592592592592594
7 0.6377604166666667 0.5064814814814815 0.0171875 0.014814814814814815
7 0.0859375 0.48935185185185187 0.013541666666666667 0.010185185185185186