2 0.6377604166666667 0.15787037037037038 0.0421875 0.041666666666666664
5 0.41484375 0.19212962962962962 0.0296875 0.032407407407407406
5 0.43385416666666665 0.19166666666666668 0.036458333333333336 0.03333333333333333
5 0.44947916666666665 0.2074074074074074 0.0625 0.040740740740740744
5 0.6526041666666667 0.18472222222222223 0.042708333333333334 0.03425925925925926
5 0.7213541666666666 0.15092592592592594 0.04895833333333333 0.05925925925925926
5 0.7778645833333333 0.1814814814814815 0.05677083333333333 0.04259259259259259
5 0.9 0.18796296296296297 0.0375 0.02962962962962963
5 0.9075520833333334 0.1726851851851852 0.043229166666666666 0.03425925925925926
5 0.9026041666666667 0.14953703703703702 0.03125 0.026851851851851852
5 0.9341145833333333 0.15092592592592594 0.03177083333333333 0.02962962962962963
5 0.96796875 0.15416666666666667 0.03177083333333333 0.03611111111111111