7 0.3489583333333333 0.6875 0.013541666666666667 0.013888888888888888
5 0.15651041666666668 0.5282407407407408 0.04010416666666667 0.023148148148148147
5 0.19791666666666666 0.5333333333333333 0.03333333333333333 0.025925925925925925
5 0.17005208333333333 0.5430555555555555 0.05364583333333333 0.028703703703703703
5 0.12734375 0.5518518518518518 0.0578125 0.03518518518518519
5 0.19166666666666668 0.5671296296296297 0.06354166666666666 0.04351851851851852
5 0.32369791666666664 0.5375 0.050520833333333334 0.026851851851851852
5 0.3653645833333333 0.5342592592592592 0.0546875 0.02962962962962963
5 0.35390625 0.5523148148148148 0.0515625 0.028703703703703703
5 0.409375 0.5638888888888889 0.036458333333333336 0.02962962962962963
5 0.4817708333333333 0.5393518518518519 0.04791666666666667 0.025
5 0.50625 0.5435185185185185 0.040625 0.03148148148148148
5 0.59921875 0.55 0.0453125 0.02962962962962963
5 0.63046875 0.5472222222222223 0.0265625 0.027777777777777776
5 0.6296875 0.5555555555555556 0.041666666666666664 0.02962962962962963
5 0.6885416666666667 0.5615740740740741 0.06041666666666667 0.04351851851851852
5 0.7330729166666666 0.549537037037037 0.04114583333333333 0.025
5 0.7994791666666666 0.5435185185185185 0.035416666666666666 0.022222222222222223
5 0.9140625 0.5467592592592593 0.04791666666666667 0.032407407407407406
5 0.8377604166666667 0.5550925925925926 0.049479166666666664 0.032407407407407406