7 0.60546875 0.23148148148148148 0.0078125 0.024074074074074074
5 0.52109375 0.1865740740740741 0.015104166666666667 0.08981481481481482
5 0.5192708333333333 0.26064814814814813 0.016666666666666666 0.09722222222222222
5 0.5294270833333333 0.24027777777777778 0.016145833333333335 0.09166666666666666
5 0.5359375 0.3388888888888889 0.016666666666666666 0.06481481481481481
5 0.5221354166666666 0.4675925925925926 0.0140625 0.08518518518518518
5 0.5244791666666667 0.5111111111111111 0.017708333333333333 0.07222222222222222
5 0.528125 0.6763888888888889 0.016666666666666666 0.08055555555555556
5 0.5265625 0.7319444444444444 0.015625 0.04722222222222222
5 0.53125 0.7305555555555555 0.016666666666666666 0.07407407407407407
5 0.5346354166666667 0.8351851851851851 0.024479166666666666 0.10740740740740741
5 0.5278645833333333 0.9143518518518519 0.0140625 0.07314814814814814