5 0.5252604166666667 0.03657407407407407 0.009895833333333333 0.05277777777777778
5 0.5169270833333334 0.14953703703703702 0.008854166666666666 0.06018518518518518
5 0.51640625 0.27546296296296297 0.011979166666666667 0.062037037037037036
5 0.5143229166666666 0.37083333333333335 0.0140625 0.062037037037037036
5 0.525 0.3314814814814815 0.015625 0.07777777777777778
5 0.52890625 0.44351851851851853 0.016145833333333335 0.09259259259259259
5 0.5221354166666666 0.6694444444444444 0.018229166666666668 0.08518518518518518
5 0.5328125 0.7671296296296296 0.019791666666666666 0.09537037037037037
5 0.5130208333333334 0.7129629629629629 0.013541666666666667 0.05925925925925926
5 0.5151041666666667 0.7731481481481481 0.013541666666666667 0.053703703703703705
5 0.5205729166666667 0.7333333333333333 0.0140625 0.07592592592592592
5 0.51875 0.9587962962962963 0.0125 0.07314814814814814
5 0.5255208333333333 0.9842592592592593 0.015625 0.02962962962962963