2 0.09427083333333333 0.5555555555555556 0.041666666666666664 0.05740740740740741
2 0.10026041666666667 0.5263888888888889 0.06510416666666667 0.03425925925925926
5 0.16015625 0.5277777777777778 0.04114583333333333 0.020370370370370372
5 0.23932291666666666 0.5449074074074074 0.0296875 0.017592592592592594
5 0.3028645833333333 0.5300925925925926 0.033854166666666664 0.01574074074074074
5 0.3736979166666667 0.5291666666666667 0.034895833333333334 0.021296296296296296
5 0.42734375 0.5254629629629629 0.034895833333333334 0.025
5 0.40520833333333334 0.5444444444444444 0.04375 0.027777777777777776
5 0.46822916666666664 0.5513888888888889 0.052083333333333336 0.028703703703703703
5 0.5953125 0.5393518518518519 0.04791666666666667 0.032407407407407406
5 0.6502604166666667 0.5583333333333333 0.05364583333333333 0.03518518518518519
5 0.6197916666666666 0.5231481481481481 0.03333333333333333 0.024074074074074074
5 0.6536458333333334 0.5268518518518519 0.030208333333333334 0.024074074074074074
5 0.63125 0.5365740740740741 0.042708333333333334 0.025
5 0.7986979166666667 0.5305555555555556 0.0390625 0.020370370370370372
5 0.7580729166666667 0.5333333333333333 0.04114583333333333 0.022222222222222223
5 0.784375 0.5449074074074074 0.040625 0.026851851851851852
5 0.8302083333333333 0.5564814814814815 0.03125 0.025925925925925925
5 0.8890625 0.5342592592592592 0.041666666666666664 0.024074074074074074
5 0.9174479166666667 0.537962962962963 0.0359375 0.02962962962962963