2 0.0390625 0.4726852 0.05625 0.03611111
2 0.3768229 0.4611111 0.08697917 0.06666667
5 0.1388021 0.4787037 0.0703125 0.07592592
5 0.2713542 0.475 0.1083333 0.1
5 0.4976563 0.4819444 0.1098958 0.1212963
5 0.9023438 0.4615741 0.0328125 0.04537037
5 0.7104167 0.4560185 0.09583333 0.1435185
5 0.8111979 0.4703704 0.07552084 0.08703703
5 0.9505208 0.4597222 0.04270833 0.0787037
7 0.5994791 0.5328704 0.02291667 0.01759259
7 0.3622396 0.5064815 0.0171875 0.01481481
7 0.9140625 0.4893518 0.01354167 0.01018518
