5 0.1255208 0.5143518 0.040625 0.0287037
5 0.1752604 0.5189815 0.05885417 0.03425926
5 0.1877604 0.5162037 0.0359375 0.0212963
5 0.2697917 0.5171296 0.04270833 0.02685185
5 0.04375 0.5157408 0.01145833 0.01666667
5 0.3283854 0.5125 0.01927083 0.02314815
5 0.3554688 0.5162037 0.04947917 0.03055556
5 0.6117188 0.5078704 0.05260416 0.03611111
5 0.8307292 0.5032408 0.05 0.03240741
5 0.5190104 0.5148148 0.03697916 0.02037037
7 0.3661458 0.5574074 0.01145833 0.01296296
7 0.4028646 0.5152778 0.0109375 0.008333334
7 0.4627604 0.5152778 0.008854167 0.008333334
7 0.8322917 0.5356482 0.01041667 0.008333334
0 0.5333334 0.55 0.04479166 0.05925926
