2 0.6377604 0.1578704 0.0421875 0.04166667
5 0.4148437 0.1921296 0.0296875 0.03240741
5 0.4338542 0.1916667 0.03645833 0.03333334
5 0.4494792 0.2074074 0.0625 0.04074074
5 0.6526042 0.1847222 0.04270833 0.03425926
5 0.7213542 0.1509259 0.04895834 0.05925926
5 0.7778646 0.1814815 0.05677084 0.04259259
5 0.9 0.187963 0.0375 0.02962963
5 0.9075521 0.1726852 0.04322917 0.03425926
5 0.9026042 0.149537 0.03125 0.02685185
5 0.9341146 0.1509259 0.03177083 0.02962963
5 0.9679688 0.1541667 0.03177083 0.03611111
