2 0.09427083 0.5555556 0.04166667 0.05740741
2 0.1002604 0.5263889 0.06510416 0.03425926
5 0.1601563 0.5277778 0.04114584 0.02037037
5 0.2393229 0.5449074 0.0296875 0.01759259
5 0.3028646 0.5300926 0.03385417 0.01574074
5 0.3736979 0.5291666 0.03489583 0.0212963
5 0.4273438 0.525463 0.03489583 0.025
5 0.4052083 0.5444444 0.04375 0.02777778
5 0.4682292 0.5513889 0.05208333 0.0287037
5 0.5953125 0.5393519 0.04791667 0.03240741
5 0.6502604 0.5583333 0.05364583 0.03518518
5 0.6197917 0.5231481 0.03333334 0.02407407
5 0.6536458 0.5268518 0.03020833 0.02407407
5 0.63125 0.5365741 0.04270833 0.025
5 0.7986979 0.5305555 0.0390625 0.02037037
5 0.7580729 0.5333334 0.04114584 0.02222222
5 0.784375 0.5449074 0.040625 0.02685185
5 0.8302084 0.5564815 0.03125 0.02592593
5 0.8890625 0.5342593 0.04166667 0.02407407
5 0.9174479 0.537963 0.0359375 0.02962963
