7 0.3489583 0.6875 0.01354167 0.01388889
5 0.1565104 0.5282407 0.04010417 0.02314815
5 0.1979167 0.5333334 0.03333334 0.02592593
5 0.1700521 0.5430555 0.05364583 0.0287037
5 0.1273437 0.5518519 0.0578125 0.03518518
5 0.1916667 0.5671296 0.06354167 0.04351852
5 0.3236979 0.5375 0.05052083 0.02685185
5 0.3653646 0.5342593 0.0546875 0.02962963
5 0.3539062 0.5523148 0.0515625 0.0287037
5 0.409375 0.5638889 0.03645833 0.02962963
5 0.4817708 0.5393519 0.04791667 0.025
5 0.50625 0.5435185 0.040625 0.03148148
5 0.5992187 0.55 0.0453125 0.02962963
5 0.6304687 0.5472222 0.0265625 0.02777778
5 0.6296875 0.5555556 0.04166667 0.02962963
5 0.6885417 0.5615741 0.06041666 0.04351852
5 0.7330729 0.5495371 0.04114584 0.025
5 0.7994792 0.5435185 0.03541667 0.02222222
5 0.9140625 0.5467592 0.04791667 0.03240741
5 0.8377604 0.5550926 0.04947917 0.03240741
